3996.26934	-0.00139
3994.34064	-0.00139
3992.41194	-0.00138
3990.48324	-0.00136
3988.55454	-0.00136
3986.62584	-0.00136
3984.69714	-0.00136
3982.76843	-0.00136
3980.83973	-0.00136
3978.91103	-0.00135
3976.98233	-0.00134
3975.05363	-0.00133
3973.12493	-0.00134
3971.19623	-0.00135
3969.26752	-0.00136
3967.33882	-0.00136
3965.41012	-0.00136
3963.48142	-0.00136
3961.55272	-0.00136
3959.62402	-0.00136
3957.69532	-0.00135
3955.76661	-0.00135
3953.83791	-0.00136
3951.90921	-0.00136
3949.98051	-0.00136
3948.05181	-0.00136
3946.12311	-0.00135
3944.19441	-0.00133
3942.2657	-0.00133
3940.337	-0.00134
3938.4083	-0.00135
3936.4796	-0.00134
3934.5509	-0.00131
3932.6222	-0.0013
3930.6935	-0.0013
3928.76479	-0.00131
3926.83609	-0.0013
3924.90739	-0.00129
3922.97869	-0.00128
3921.04999	-0.00129
3919.12129	-0.00129
3917.19259	-0.00131
3915.26388	-0.00132
3913.33518	-0.00133
3911.40648	-0.00132
3909.47778	-0.00131
3907.54908	-0.00129
3905.62038	-0.00127
3903.69168	-0.00126
3901.76297	-0.00126
3899.83427	-0.00128
3897.90557	-0.0013
3895.97687	-0.00131
3894.04817	-0.0013
3892.11947	-0.00128
3890.19077	-0.00129
3888.26206	-0.00131
3886.33336	-0.0013
3884.40466	-0.00127
3882.47596	-0.00124
3880.54726	-0.00124
3878.61856	-0.00127
3876.68986	-0.00127
3874.76115	-0.00124
3872.83245	-0.00124
3870.90375	-0.00126
3868.97505	-0.00127
3867.04635	-0.00125
3865.11765	-0.00122
3863.18895	-0.00121
3861.26024	-0.00123
3859.33154	-0.00125
3857.40284	-0.00131
3855.47414	-0.00142
3853.54544	-0.00146
3851.61674	-0.00135
3849.68804	-0.00128
3847.75933	-0.00127
3845.83063	-0.00126
3843.90193	-0.00121
3841.97323	-0.00118
3840.04453	-0.00119
3838.11583	-0.00121
3836.18713	-0.00121
3834.25842	-0.00119
3832.32972	-0.00119
3830.40102	-0.0012
3828.47232	-0.0012
3826.54362	-0.0012
3824.61492	-0.00119
3822.68622	-0.00115
3820.75752	-0.00114
3818.82881	-0.0012
3816.90011	-0.00126
3814.97141	-0.00126
3813.04271	-0.00126
3811.11401	-0.00127
3809.18531	-0.00125
3807.25661	-0.00123
3805.3279	-0.00121
3803.3992	-0.00121
3801.4705	-0.00121
3799.5418	-0.0012
3797.6131	-0.00118
3795.6844	-0.0012
3793.7557	-0.00125
3791.82699	-0.00128
3789.89829	-0.00128
3787.96959	-0.00126
3786.04089	-0.00124
3784.11219	-0.00123
3782.18349	-0.00122
3780.25479	-0.00119
3778.32608	-0.0012
3776.39738	-0.00124
3774.46868	-0.00125
3772.53998	-0.00122
3770.61128	-0.00119
3768.68258	-0.00119
3766.75388	-0.00121
3764.82517	-0.00122
3762.89647	-0.00121
3760.96777	-0.00117
3759.03907	-0.00115
3757.11037	-0.00117
3755.18167	-0.00121
3753.25297	-0.00125
3751.32426	-0.00127
3749.39556	-0.00125
3747.46686	-0.00127
3745.53816	-0.00133
3743.60946	-0.00131
3741.68076	-0.00121
3739.75206	-0.00116
3737.82335	-0.00116
3735.89465	-0.00114
3733.96595	-0.00113
3732.03725	-0.00114
3730.10855	-0.00118
3728.17985	-0.00121
3726.25115	-0.00121
3724.32244	-0.00118
3722.39374	-0.00117
3720.46504	-0.00118
3718.53634	-0.00121
3716.60764	-0.00123
3714.67894	-0.00122
3712.75024	-0.00117
3710.82153	-0.00113
3708.89283	-0.00115
3706.96413	-0.00118
3705.03543	-0.00119
3703.10673	-0.00117
3701.17803	-0.00119
3699.24933	-0.00122
3697.32062	-0.00124
3695.39192	-0.00122
3693.46322	-0.00118
3691.53452	-0.00115
3689.60582	-0.00117
3687.67712	-0.00121
3685.74842	-0.00122
3683.81971	-0.00121
3681.89101	-0.00119
3679.96231	-0.00115
3678.03361	-0.00114
3676.10491	-0.00115
3674.17621	-0.00115
3672.24751	-0.00117
3670.3188	-0.00117
3668.3901	-0.00116
3666.4614	-0.00118
3664.5327	-0.0012
3662.604	-0.00119
3660.6753	-0.00119
3658.7466	-0.00118
3656.81789	-0.00117
3654.88919	-0.00114
3652.96049	-0.0011
3651.03179	-0.00106
3649.10309	-0.00104
3647.17439	-0.00104
3645.24569	-0.00108
3643.31698	-0.00112
3641.38828	-0.00112
3639.45958	-0.00112
3637.53088	-0.00111
3635.60218	-0.0011
3633.67348	-0.00109
3631.74478	-0.00109
3629.81607	-0.0011
3627.88737	-0.00108
3625.95867	-0.00107
3624.02997	-0.00107
3622.10127	-0.00106
3620.17257	-0.00104
3618.24387	-0.00102
3616.31516	-0.00103
3614.38646	-0.00105
3612.45776	-0.00107
3610.52906	-0.00109
3608.60036	-0.00108
3606.67166	-0.00106
3604.74296	-0.00106
3602.81425	-0.00106
3600.88555	-0.00104
3598.95685	-0.00104
3597.02815	-0.00105
3595.09945	-0.00105
3593.17075	-0.00106
3591.24205	-0.00107
3589.31334	-0.00106
3587.38464	-0.00104
3585.45594	-0.00104
3583.52724	-0.00105
3581.59854	-0.00106
3579.66984	-0.00107
3577.74114	-0.00107
3575.81243	-0.00107
3573.88373	-0.00107
3571.95503	-0.00107
3570.02633	-0.00105
3568.09763	-0.00102
3566.16893	-0.00101
3564.24023	-0.00102
3562.31152	-0.00104
3560.38282	-0.00105
3558.45412	-0.00106
3556.52542	-0.00105
3554.59672	-0.00105
3552.66802	-0.00105
3550.73932	-0.00104
3548.81061	-0.00104
3546.88191	-0.00103
3544.95321	-0.00102
3543.02451	-0.00103
3541.09581	-0.00104
3539.16711	-0.00104
3537.23841	-0.00104
3535.3097	-0.00104
3533.381	-0.00103
3531.4523	-0.00102
3529.5236	-0.001
3527.5949	-0.001
3525.6662	-0.001
3523.7375	-0.001
3521.80879	-0.001
3519.88009	-0.00101
3517.95139	-0.00101
3516.02269	-0.00101
3514.09399	-0.001
3512.16529	-9.8E-4
3510.23659	-9.7E-4
3508.30788	-9.6E-4
3506.37918	-9.7E-4
3504.45048	-9.7E-4
3502.52178	-9.7E-4
3500.59308	-9.7E-4
3498.66438	-9.7E-4
3496.73568	-9.8E-4
3494.80697	-9.8E-4
3492.87827	-9.7E-4
3490.94957	-9.8E-4
3489.02087	-9.8E-4
3487.09217	-9.7E-4
3485.16347	-9.6E-4
3483.23477	-9.5E-4
3481.30606	-9.5E-4
3479.37736	-9.5E-4
3477.44866	-9.5E-4
3475.51996	-9.5E-4
3473.59126	-9.6E-4
3471.66256	-9.6E-4
3469.73386	-9.6E-4
3467.80515	-9.5E-4
3465.87645	-9.5E-4
3463.94775	-9.5E-4
3462.01905	-9.5E-4
3460.09035	-9.6E-4
3458.16165	-9.7E-4
3456.23295	-9.7E-4
3454.30425	-9.7E-4
3452.37554	-9.6E-4
3450.44684	-9.5E-4
3448.51814	-9.4E-4
3446.58944	-9.3E-4
3444.66074	-9.3E-4
3442.73204	-9.3E-4
3440.80334	-9.3E-4
3438.87463	-9.4E-4
3436.94593	-9.3E-4
3435.01723	-9.3E-4
3433.08853	-9.3E-4
3431.15983	-9.3E-4
3429.23113	-9.2E-4
3427.30243	-9.1E-4
3425.37372	-9.1E-4
3423.44502	-9.2E-4
3421.51632	-9.2E-4
3419.58762	-9.3E-4
3417.65892	-9.4E-4
3415.73022	-9.5E-4
3413.80152	-9.4E-4
3411.87281	-9.2E-4
3409.94411	-9.2E-4
3408.01541	-9.2E-4
3406.08671	-9.2E-4
3404.15801	-9.2E-4
3402.22931	-9.2E-4
3400.30061	-9.2E-4
3398.3719	-9.2E-4
3396.4432	-9.1E-4
3394.5145	-9.1E-4
3392.5858	-9.1E-4
3390.6571	-9.1E-4
3388.7284	-9.2E-4
3386.7997	-9.1E-4
3384.87099	-9.1E-4
3382.94229	-9.1E-4
3381.01359	-9.1E-4
3379.08489	-9.1E-4
3377.15619	-9E-4
3375.22749	-8.9E-4
3373.29879	-9E-4
3371.37008	-9.1E-4
3369.44138	-9.1E-4
3367.51268	-9.1E-4
3365.58398	-9.1E-4
3363.65528	-9E-4
3361.72658	-8.8E-4
3359.79788	-8.8E-4
3357.86917	-8.8E-4
3355.94047	-8.9E-4
3354.01177	-9E-4
3352.08307	-9E-4
3350.15437	-9.1E-4
3348.22567	-9.2E-4
3346.29697	-9.2E-4
3344.36826	-9.1E-4
3342.43956	-9E-4
3340.51086	-9E-4
3338.58216	-8.9E-4
3336.65346	-8.9E-4
3334.72476	-9E-4
3332.79606	-9.1E-4
3330.86735	-9.1E-4
3328.93865	-9.1E-4
3327.00995	-9.1E-4
3325.08125	-9E-4
3323.15255	-9E-4
3321.22385	-9.1E-4
3319.29515	-9.1E-4
3317.36644	-9.1E-4
3315.43774	-9.1E-4
3313.50904	-9.1E-4
3311.58034	-9.1E-4
3309.65164	-9.1E-4
3307.72294	-9E-4
3305.79424	-9.1E-4
3303.86553	-9.1E-4
3301.93683	-9.1E-4
3300.00813	-9.1E-4
3298.07943	-9.1E-4
3296.15073	-9.1E-4
3294.22203	-9.1E-4
3292.29333	-9E-4
3290.36462	-9.1E-4
3288.43592	-9.2E-4
3286.50722	-9.3E-4
3284.57852	-9.3E-4
3282.64982	-9.2E-4
3280.72112	-9.2E-4
3278.79242	-9.2E-4
3276.86371	-9.3E-4
3274.93501	-9.3E-4
3273.00631	-9.4E-4
3271.07761	-9.4E-4
3269.14891	-9.3E-4
3267.22021	-9.2E-4
3265.29151	-9.1E-4
3263.3628	-9.1E-4
3261.4341	-9.2E-4
3259.5054	-9.3E-4
3257.5767	-9.3E-4
3255.648	-9.4E-4
3253.7193	-9.4E-4
3251.7906	-9.4E-4
3249.86189	-9.3E-4
3247.93319	-9.4E-4
3246.00449	-9.4E-4
3244.07579	-9.4E-4
3242.14709	-9.4E-4
3240.21839	-9.5E-4
3238.28969	-9.5E-4
3236.36098	-9.5E-4
3234.43228	-9.4E-4
3232.50358	-9.4E-4
3230.57488	-9.4E-4
3228.64618	-9.5E-4
3226.71748	-9.5E-4
3224.78878	-9.6E-4
3222.86007	-9.6E-4
3220.93137	-9.6E-4
3219.00267	-9.6E-4
3217.07397	-9.6E-4
3215.14527	-9.6E-4
3213.21657	-9.7E-4
3211.28787	-9.8E-4
3209.35916	-9.9E-4
3207.43046	-0.001
3205.50176	-0.001
3203.57306	-0.001
3201.64436	-9.9E-4
3199.71566	-9.8E-4
3197.78696	-9.8E-4
3195.85825	-9.9E-4
3193.92955	-9.9E-4
3192.00085	-9.9E-4
3190.07215	-9.9E-4
3188.14345	-9.9E-4
3186.21475	-0.001
3184.28605	-0.00101
3182.35734	-0.00102
3180.42864	-0.00102
3178.49994	-0.00101
3176.57124	-0.001
3174.64254	-0.00101
3172.71384	-0.00102
3170.78514	-0.00103
3168.85643	-0.00103
3166.92773	-0.00103
3164.99903	-0.00103
3163.07033	-0.00103
3161.14163	-0.00103
3159.21293	-0.00104
3157.28423	-0.00104
3155.35552	-0.00104
3153.42682	-0.00105
3151.49812	-0.00105
3149.56942	-0.00107
3147.64072	-0.00107
3145.71202	-0.00106
3143.78332	-0.00104
3141.85461	-0.00104
3139.92591	-0.00104
3137.99721	-0.00105
3136.06851	-0.00105
3134.13981	-0.00105
3132.21111	-0.00105
3130.28241	-0.00105
3128.3537	-0.00105
3126.425	-0.00105
3124.4963	-0.00106
3122.5676	-0.00106
3120.6389	-0.00106
3118.7102	-0.00107
3116.7815	-0.00107
3114.85279	-0.00107
3112.92409	-0.00107
3110.99539	-0.00108
3109.06669	-0.00108
3107.13799	-0.00108
3105.20929	-0.00107
3103.28059	-0.00107
3101.35189	-0.00107
3099.42318	-0.00107
3097.49448	-0.00108
3095.56578	-0.00108
3093.63708	-0.00108
3091.70838	-0.00108
3089.77968	-0.00108
3087.85098	-0.00107
3085.92227	-0.00106
3083.99357	-0.00106
3082.06487	-0.00106
3080.13617	-0.00106
3078.20747	-0.00106
3076.27877	-0.00106
3074.35007	-0.00106
3072.42136	-0.00107
3070.49266	-0.00107
3068.56396	-0.00107
3066.63526	-0.00107
3064.70656	-0.00106
3062.77786	-0.00107
3060.84916	-0.00108
3058.92045	-0.00108
3056.99175	-0.00108
3055.06305	-0.00107
3053.13435	-0.00107
3051.20565	-0.00107
3049.27695	-0.00107
3047.34825	-0.00107
3045.41954	-0.00108
3043.49084	-0.00108
3041.56214	-0.00109
3039.63344	-0.00109
3037.70474	-0.0011
3035.77604	-0.0011
3033.84734	-0.0011
3031.91863	-0.0011
3029.98993	-0.0011
3028.06123	-0.00109
3026.13253	-0.00109
3024.20383	-0.0011
3022.27513	-0.0011
3020.34643	-0.0011
3018.41772	-0.0011
3016.48902	-0.0011
3014.56032	-0.0011
3012.63162	-0.0011
3010.70292	-0.0011
3008.77422	-0.0011
3006.84552	-0.0011
3004.91681	-0.0011
3002.98811	-0.0011
3001.05941	-0.00109
2999.13071	-0.0011
2997.20201	-0.0011
2995.27331	-0.0011
2993.34461	-0.00109
2991.4159	-0.00109
2989.4872	-0.00109
2987.5585	-0.00109
2985.6298	-0.00109
2983.7011	-0.00109
2981.7724	-0.00109
2979.8437	-0.0011
2977.91499	-0.00111
2975.98629	-0.00111
2974.05759	-0.00111
2972.12889	-0.00111
2970.20019	-0.00109
2968.27149	-0.00108
2966.34279	-0.00108
2964.41408	-0.00107
2962.48538	-0.00107
2960.55668	-0.00106
2958.62798	-0.00104
2956.69928	-0.00102
2954.77058	-0.00102
2952.84188	-0.00101
2950.91317	-0.001
2948.98447	-9.9E-4
2947.05577	-9.6E-4
2945.12707	-9.4E-4
2943.19837	-9.1E-4
2941.26967	-8.8E-4
2939.34097	-8.3E-4
2937.41226	-7.8E-4
2935.48356	-7.1E-4
2933.55486	-6.4E-4
2931.62616	-5.7E-4
2929.69746	-5E-4
2927.76876	-4.3E-4
2925.84006	-3.7E-4
2923.91135	-3.3E-4
2921.98265	-3E-4
2920.05395	-3E-4
2918.12525	-3.5E-4
2916.19655	-4.3E-4
2914.26785	-5.5E-4
2912.33915	-6.7E-4
2910.41044	-7.6E-4
2908.48174	-8.2E-4
2906.55304	-8.6E-4
2904.62434	-9E-4
2902.69564	-9.3E-4
2900.76694	-9.5E-4
2898.83824	-9.7E-4
2896.90953	-9.8E-4
2894.98083	-9.9E-4
2893.05213	-0.00102
2891.12343	-0.00104
2889.19473	-0.00105
2887.26603	-0.00105
2885.33733	-0.00106
2883.40862	-0.00106
2881.47992	-0.00106
2879.55122	-0.00106
2877.62252	-0.00107
2875.69382	-0.00108
2873.76512	-0.00108
2871.83642	-0.00107
2869.90771	-0.00106
2867.97901	-0.00105
2866.05031	-0.00103
2864.12161	-0.001
2862.19291	-9.7E-4
2860.26421	-9.4E-4
2858.33551	-8.9E-4
2856.4068	-8.4E-4
2854.4781	-8E-4
2852.5494	-7.7E-4
2850.6207	-7.7E-4
2848.692	-8E-4
2846.7633	-8.3E-4
2844.8346	-8.8E-4
2842.90589	-9.3E-4
2840.97719	-9.7E-4
2839.04849	-0.001
2837.11979	-0.00103
2835.19109	-0.00104
2833.26239	-0.00104
2831.33369	-0.00104
2829.40498	-0.00104
2827.47628	-0.00104
2825.54758	-0.00105
2823.61888	-0.00106
2821.69018	-0.00107
2819.76148	-0.00106
2817.83278	-0.00106
2815.90407	-0.00106
2813.97537	-0.00106
2812.04667	-0.00106
2810.11797	-0.00106
2808.18927	-0.00106
2806.26057	-0.00106
2804.33187	-0.00107
2802.40316	-0.00107
2800.47446	-0.00107
2798.54576	-0.00108
2796.61706	-0.00109
2794.68836	-0.00109
2792.75966	-0.00108
2790.83096	-0.00107
2788.90225	-0.00107
2786.97355	-0.00106
2785.04485	-0.00106
2783.11615	-0.00106
2781.18745	-0.00107
2779.25875	-0.00107
2777.33005	-0.00106
2775.40134	-0.00106
2773.47264	-0.00106
2771.54394	-0.00106
2769.61524	-0.00106
2767.68654	-0.00106
2765.75784	-0.00106
2763.82914	-0.00107
2761.90043	-0.00107
2759.97173	-0.00107
2758.04303	-0.00107
2756.11433	-0.00106
2754.18563	-0.00105
2752.25693	-0.00105
2750.32823	-0.00105
2748.39952	-0.00105
2746.47082	-0.00106
2744.54212	-0.00106
2742.61342	-0.00106
2740.68472	-0.00106
2738.75602	-0.00105
2736.82732	-0.00105
2734.89862	-0.00106
2732.96991	-0.00106
2731.04121	-0.00106
2729.11251	-0.00105
2727.18381	-0.00106
2725.25511	-0.00106
2723.32641	-0.00107
2721.39771	-0.00106
2719.469	-0.00106
2717.5403	-0.00106
2715.6116	-0.00106
2713.6829	-0.00107
2711.7542	-0.00106
2709.8255	-0.00106
2707.8968	-0.00106
2705.96809	-0.00106
2704.03939	-0.00106
2702.11069	-0.00105
2700.18199	-0.00105
2698.25329	-0.00105
2696.32459	-0.00105
2694.39589	-0.00106
2692.46718	-0.00106
2690.53848	-0.00105
2688.60978	-0.00105
2686.68108	-0.00105
2684.75238	-0.00106
2682.82368	-0.00106
2680.89498	-0.00105
2678.96627	-0.00105
2677.03757	-0.00105
2675.10887	-0.00105
2673.18017	-0.00106
2671.25147	-0.00106
2669.32277	-0.00106
2667.39407	-0.00105
2665.46536	-0.00105
2663.53666	-0.00105
2661.60796	-0.00105
2659.67926	-0.00106
2657.75056	-0.00107
2655.82186	-0.00107
2653.89316	-0.00107
2651.96445	-0.00106
2650.03575	-0.00107
2648.10705	-0.00107
2646.17835	-0.00107
2644.24965	-0.00106
2642.32095	-0.00106
2640.39225	-0.00106
2638.46354	-0.00106
2636.53484	-0.00106
2634.60614	-0.00107
2632.67744	-0.00107
2630.74874	-0.00107
2628.82004	-0.00107
2626.89134	-0.00107
2624.96263	-0.00107
2623.03393	-0.00107
2621.10523	-0.00107
2619.17653	-0.00106
2617.24783	-0.00106
2615.31913	-0.00107
2613.39043	-0.00107
2611.46172	-0.00108
2609.53302	-0.00108
2607.60432	-0.00107
2605.67562	-0.00107
2603.74692	-0.00107
2601.81822	-0.00107
2599.88952	-0.00107
2597.96081	-0.00108
2596.03211	-0.00108
2594.10341	-0.00108
2592.17471	-0.00108
2590.24601	-0.00107
2588.31731	-0.00107
2586.38861	-0.00107
2584.4599	-0.00108
2582.5312	-0.00108
2580.6025	-0.00107
2578.6738	-0.00107
2576.7451	-0.00107
2574.8164	-0.00106
2572.8877	-0.00106
2570.95899	-0.00107
2569.03029	-0.00108
2567.10159	-0.00108
2565.17289	-0.00109
2563.24419	-0.00108
2561.31549	-0.00108
2559.38679	-0.00108
2557.45808	-0.00108
2555.52938	-0.00108
2553.60068	-0.00108
2551.67198	-0.00109
2549.74328	-0.00108
2547.81458	-0.00109
2545.88588	-0.00109
2543.95717	-0.0011
2542.02847	-0.0011
2540.09977	-0.0011
2538.17107	-0.0011
2536.24237	-0.0011
2534.31367	-0.0011
2532.38497	-0.00109
2530.45626	-0.00109
2528.52756	-0.00109
2526.59886	-0.00109
2524.67016	-0.0011
2522.74146	-0.00111
2520.81276	-0.00111
2518.88406	-0.0011
2516.95535	-0.00109
2515.02665	-0.00109
2513.09795	-0.00109
2511.16925	-0.00109
2509.24055	-0.00109
2507.31185	-0.0011
2505.38315	-0.0011
2503.45444	-0.0011
2501.52574	-0.0011
2499.59704	-0.0011
2497.66834	-0.0011
2495.73964	-0.0011
2493.81094	-0.00111
2491.88224	-0.00111
2489.95353	-0.00111
2488.02483	-0.00111
2486.09613	-0.00111
2484.16743	-0.00111
2482.23873	-0.00112
2480.31003	-0.00112
2478.38133	-0.00112
2476.45262	-0.00112
2474.52392	-0.00112
2472.59522	-0.00111
2470.66652	-0.00111
2468.73782	-0.00111
2466.80912	-0.00111
2464.88042	-0.00111
2462.95171	-0.0011
2461.02301	-0.00111
2459.09431	-0.00111
2457.16561	-0.00112
2455.23691	-0.00112
2453.30821	-0.00112
2451.37951	-0.00112
2449.4508	-0.00112
2447.5221	-0.00113
2445.5934	-0.00112
2443.6647	-0.00112
2441.736	-0.00111
2439.8073	-0.0011
2437.8786	-0.0011
2435.94989	-0.00111
2434.02119	-0.00112
2432.09249	-0.00112
2430.16379	-0.00112
2428.23509	-0.00112
2426.30639	-0.00112
2424.37769	-0.00111
2422.44898	-0.00111
2420.52028	-0.00111
2418.59158	-0.00111
2416.66288	-0.00111
2414.73418	-0.00111
2412.80548	-0.00111
2410.87678	-0.0011
2408.94807	-0.0011
2407.01937	-0.00111
2405.09067	-0.00111
2403.16197	-0.0011
2401.23327	-0.0011
2399.30457	-0.00111
2397.37587	-0.00111
2395.44716	-0.00111
2393.51846	-0.00111
2391.58976	-0.00111
2389.66106	-0.00111
2387.73236	-0.00111
2385.80366	-0.0011
2383.87496	-0.00108
2381.94625	-0.00104
2380.01755	-9.8E-4
2378.08885	-8.9E-4
2376.16015	-7.5E-4
2374.23145	-5.6E-4
2372.30275	-3.6E-4
2370.37405	-1.4E-4
2368.44535	7E-5
2366.51664	2.5E-4
2364.58794	3.8E-4
2362.65924	4.5E-4
2360.73054	4.5E-4
2358.80184	3.7E-4
2356.87314	2E-4
2354.94444	-5E-5
2353.01573	-3.4E-4
2351.08703	-5.9E-4
2349.15833	-7E-4
2347.22963	-6.1E-4
2345.30093	-4.1E-4
2343.37223	-2.1E-4
2341.44353	-7E-5
2339.51482	1E-5
2337.58612	3E-5
2335.65742	2E-5
2333.72872	-2E-5
2331.80002	-7E-5
2329.87132	-1.4E-4
2327.94262	-2.3E-4
2326.01391	-3.3E-4
2324.08521	-4.3E-4
2322.15651	-5.2E-4
2320.22781	-6.1E-4
2318.29911	-6.9E-4
2316.37041	-7.7E-4
2314.44171	-8.3E-4
2312.513	-8.9E-4
2310.5843	-9.3E-4
2308.6556	-9.6E-4
2306.7269	-9.8E-4
2304.7982	-0.00101
2302.8695	-0.00103
2300.9408	-0.00104
2299.01209	-0.00104
2297.08339	-0.00105
2295.15469	-0.00105
2293.22599	-0.00106
2291.29729	-0.00106
2289.36859	-0.00107
2287.43989	-0.00108
2285.51118	-0.00108
2283.58248	-0.00108
2281.65378	-0.00108
2279.72508	-0.00108
2277.79638	-0.00108
2275.86768	-0.00108
2273.93898	-0.00108
2272.01027	-0.00107
2270.08157	-0.00107
2268.15287	-0.00107
2266.22417	-0.00105
2264.29547	-0.00103
2262.36677	-0.001
2260.43807	-9.5E-4
2258.50936	-9E-4
2256.58066	-8.7E-4
2254.65196	-8.8E-4
2252.72326	-9.3E-4
2250.79456	-9.8E-4
2248.86586	-0.00103
2246.93716	-0.00106
2245.00845	-0.00108
2243.07975	-0.00109
2241.15105	-0.0011
2239.22235	-0.0011
2237.29365	-0.00111
2235.36495	-0.00111
2233.43625	-0.00112
2231.50754	-0.00112
2229.57884	-0.00115
2227.65014	-0.0012
2225.72144	-0.00126
2223.79274	-0.00133
2221.86404	-0.00138
2219.93534	-0.00139
2218.00663	-0.00137
2216.07793	-0.00134
2214.14923	-0.00132
2212.22053	-0.00131
2210.29183	-0.00132
2208.36313	-0.00136
2206.43443	-0.00142
2204.50572	-0.00149
2202.57702	-0.00158
2200.64832	-0.00168
2198.71962	-0.00178
2196.79092	-0.00187
2194.86222	-0.00191
2192.93352	-0.00187
2191.00481	-0.00177
2189.07611	-0.00163
2187.14741	-0.0015
2185.21871	-0.00139
2183.29001	-0.00132
2181.36131	-0.00126
2179.43261	-0.00121
2177.5039	-0.00118
2175.5752	-0.00115
2173.6465	-0.00113
2171.7178	-0.00112
2169.7891	-0.0011
2167.8604	-0.0011
2165.9317	-0.00109
2164.00299	-0.00109
2162.07429	-0.00109
2160.14559	-0.00108
2158.21689	-0.00108
2156.28819	-0.00107
2154.35949	-0.00107
2152.43079	-0.00106
2150.50208	-0.00105
2148.57338	-0.00105
2146.64468	-0.00104
2144.71598	-0.00103
2142.78728	-0.00103
2140.85858	-0.00102
2138.92988	-0.001
2137.00117	-9.9E-4
2135.07247	-9.8E-4
2133.14377	-9.8E-4
2131.21507	-9.8E-4
2129.28637	-9.7E-4
2127.35767	-9.6E-4
2125.42897	-9.5E-4
2123.50026	-9.4E-4
2121.57156	-9.3E-4
2119.64286	-9.2E-4
2117.71416	-9.1E-4
2115.78546	-9E-4
2113.85676	-8.9E-4
2111.92806	-8.8E-4
2109.99935	-8.9E-4
2108.07065	-8.9E-4
2106.14195	-9.1E-4
2104.21325	-9.3E-4
2102.28455	-9.5E-4
2100.35585	-9.8E-4
2098.42715	-0.00101
2096.49844	-0.00105
2094.56974	-0.00109
2092.64104	-0.00113
2090.71234	-0.00115
2088.78364	-0.00116
2086.85494	-0.00115
2084.92624	-0.00113
2082.99753	-0.00111
2081.06883	-0.00108
2079.14013	-0.00103
2077.21143	-9.8E-4
2075.28273	-9.3E-4
2073.35403	-9.2E-4
2071.42533	-9.5E-4
2069.49662	-9.8E-4
2067.56792	-0.001
2065.63922	-0.00101
2063.71052	-0.00101
2061.78182	-0.00101
2059.85312	-0.001
2057.92442	-9.9E-4
2055.99571	-9.9E-4
2054.06701	-9.9E-4
2052.13831	-9.9E-4
2050.20961	-9.9E-4
2048.28091	-9.9E-4
2046.35221	-9.9E-4
2044.42351	-9.9E-4
2042.4948	-9.9E-4
2040.5661	-9.9E-4
2038.6374	-9.9E-4
2036.7087	-9.9E-4
2034.78	-9.9E-4
2032.8513	-9.8E-4
2030.9226	-9.8E-4
2028.99389	-9.8E-4
2027.06519	-9.8E-4
2025.13649	-9.8E-4
2023.20779	-9.8E-4
2021.27909	-9.8E-4
2019.35039	-9.7E-4
2017.42169	-9.6E-4
2015.49298	-9.7E-4
2013.56428	-9.7E-4
2011.63558	-9.7E-4
2009.70688	-9.7E-4
2007.77818	-9.7E-4
2005.84948	-9.8E-4
2003.92078	-9.9E-4
2001.99208	-9.9E-4
2000.06337	-9.8E-4
1998.13467	-9.8E-4
1996.20597	-9.8E-4
1994.27727	-9.8E-4
1992.34857	-9.7E-4
1990.41987	-9.7E-4
1988.49117	-9.9E-4
1986.56246	-0.001
1984.63376	-0.001
1982.70506	-0.001
1980.77636	-9.9E-4
1978.84766	-0.001
1976.91896	-0.001
1974.99026	-0.001
1973.06155	-0.00101
1971.13285	-0.00101
1969.20415	-0.001
1967.27545	-9.9E-4
1965.34675	-9.9E-4
1963.41805	-0.001
1961.48935	-0.00101
1959.56064	-0.00101
1957.63194	-0.00101
1955.70324	-0.00101
1953.77454	-0.00102
1951.84584	-0.00102
1949.91714	-0.00102
1947.98844	-0.00101
1946.05973	-0.001
1944.13103	-9.9E-4
1942.20233	-9.9E-4
1940.27363	-0.001
1938.34493	-0.00101
1936.41623	-0.00101
1934.48753	-0.00101
1932.55882	-0.00101
1930.63012	-0.00101
1928.70142	-0.00101
1926.77272	-0.001
1924.84402	-9.9E-4
1922.91532	-9.9E-4
1920.98662	-9.9E-4
1919.05791	-9.9E-4
1917.12921	-9.9E-4
1915.20051	-0.001
1913.27181	-0.001
1911.34311	-0.001
1909.41441	-0.001
1907.48571	-0.00101
1905.557	-0.00101
1903.6283	-0.00101
1901.6996	-0.00102
1899.7709	-0.00102
1897.8422	-0.00102
1895.9135	-0.00101
1893.9848	-0.00101
1892.05609	-0.001
1890.12739	-9.9E-4
1888.19869	-9.9E-4
1886.26999	-0.001
1884.34129	-0.00101
1882.41259	-0.00101
1880.48389	-0.00101
1878.55518	-0.00101
1876.62648	-0.00101
1874.69778	-0.00101
1872.76908	-9.9E-4
1870.84038	-9.6E-4
1868.91168	-9.3E-4
1866.98298	-9.4E-4
1865.05427	-9.8E-4
1863.12557	-0.001
1861.19687	-0.00101
1859.26817	-0.00101
1857.33947	-0.00101
1855.41077	-0.00102
1853.48207	-0.00102
1851.55336	-0.00101
1849.62466	-0.001
1847.69596	-9.8E-4
1845.76726	-9.7E-4
1843.83856	-9.7E-4
1841.90986	-9.8E-4
1839.98116	-0.001
1838.05245	-0.001
1836.12375	-0.001
1834.19505	-0.001
1832.26635	-9.7E-4
1830.33765	-9.3E-4
1828.40895	-9.3E-4
1826.48025	-9.5E-4
1824.55154	-9.7E-4
1822.62284	-0.001
1820.69414	-0.00102
1818.76544	-0.00102
1816.83674	-0.00102
1814.90804	-0.00102
1812.97934	-0.001
1811.05063	-9.8E-4
1809.12193	-9.9E-4
1807.19323	-0.001
1805.26453	-0.001
1803.33583	-9.9E-4
1801.40713	-9.7E-4
1799.47843	-9.6E-4
1797.54972	-9.7E-4
1795.62102	-9.7E-4
1793.69232	-9.6E-4
1791.76362	-9.6E-4
1789.83492	-9.8E-4
1787.90622	-0.001
1785.97752	-0.00102
1784.04881	-0.00101
1782.12011	-9.9E-4
1780.19141	-9.8E-4
1778.26271	-9.8E-4
1776.33401	-9.8E-4
1774.40531	-9.6E-4
1772.47661	-9.4E-4
1770.5479	-9.4E-4
1768.6192	-9.8E-4
1766.6905	-0.001
1764.7618	-0.001
1762.8331	-9.9E-4
1760.9044	-9.8E-4
1758.9757	-9.9E-4
1757.04699	-9.9E-4
1755.11829	-0.001
1753.18959	-0.00102
1751.26089	-0.001
1749.33219	-9.5E-4
1747.40349	-9.4E-4
1745.47479	-9.6E-4
1743.54608	-9.7E-4
1741.61738	-9.6E-4
1739.68868	-9.6E-4
1737.75998	-9.9E-4
1735.83128	-0.00105
1733.90258	-0.00106
1731.97388	-0.001
1730.04517	-9.5E-4
1728.11647	-9.5E-4
1726.18777	-9.6E-4
1724.25907	-9.6E-4
1722.33037	-9.4E-4
1720.40167	-9.3E-4
1718.47297	-9.3E-4
1716.54426	-9.3E-4
1714.61556	-9E-4
1712.68686	-9E-4
1710.75816	-9.1E-4
1708.82946	-9E-4
1706.90076	-8.5E-4
1704.97206	-8.5E-4
1703.04335	-9E-4
1701.11465	-9.7E-4
1699.18595	-9.7E-4
1697.25725	-9.6E-4
1695.32855	-9.7E-4
1693.39985	-9.4E-4
1691.47115	-9E-4
1689.54244	-8.7E-4
1687.61374	-8.8E-4
1685.68504	-9E-4
1683.75634	-8.7E-4
1681.82764	-8.3E-4
1679.89894	-8.2E-4
1677.97024	-8.3E-4
1676.04153	-8.2E-4
1674.11283	-7.9E-4
1672.18413	-7.5E-4
1670.25543	-7.2E-4
1668.32673	-7.3E-4
1666.39803	-7.6E-4
1664.46933	-7.5E-4
1662.54062	-7.3E-4
1660.61192	-7.5E-4
1658.68322	-7.6E-4
1656.75452	-7.9E-4
1654.82582	-8.8E-4
1652.89712	-9.2E-4
1650.96842	-7.9E-4
1649.03971	-6.5E-4
1647.11101	-6.3E-4
1645.18231	-6.8E-4
1643.25361	-7E-4
1641.32491	-6.9E-4
1639.39621	-6.6E-4
1637.46751	-6.3E-4
1635.53881	-6.3E-4
1633.6101	-6.4E-4
1631.6814	-6.5E-4
1629.7527	-6.2E-4
1627.824	-5.9E-4
1625.8953	-5.6E-4
1623.9666	-5.4E-4
1622.0379	-5.3E-4
1620.10919	-5.5E-4
1618.18049	-5.4E-4
1616.25179	-4.8E-4
1614.32309	-3.9E-4
1612.39439	-2.8E-4
1610.46569	-9E-5
1608.53699	1.8E-4
1606.60828	4.8E-4
1604.67958	7.3E-4
1602.75088	8.2E-4
1600.82218	7.4E-4
1598.89348	5.5E-4
1596.96478	3.2E-4
1595.03608	1.3E-4
1593.10737	0
1591.17867	-5E-5
1589.24997	-3E-5
1587.32127	1E-5
1585.39257	2E-5
1583.46387	-3E-5
1581.53517	-1.2E-4
1579.60646	-2.2E-4
1577.67776	-3E-4
1575.74906	-3.6E-4
1573.82036	-3.6E-4
1571.89166	-3.5E-4
1569.96296	-3.4E-4
1568.03426	-3.5E-4
1566.10555	-3.7E-4
1564.17685	-4E-4
1562.24815	-4.8E-4
1560.31945	-5.8E-4
1558.39075	-5.8E-4
1556.46205	-5.3E-4
1554.53335	-5.3E-4
1552.60464	-5.4E-4
1550.67594	-5.4E-4
1548.74724	-5.5E-4
1546.81854	-5.6E-4
1544.88984	-5.6E-4
1542.96114	-5.8E-4
1541.03244	-6.4E-4
1539.10373	-6.6E-4
1537.17503	-6.1E-4
1535.24633	-5.8E-4
1533.31763	-5.7E-4
1531.38893	-6E-4
1529.46023	-6.1E-4
1527.53153	-6.1E-4
1525.60282	-6E-4
1523.67412	-6.1E-4
1521.74542	-6.3E-4
1519.81672	-5.9E-4
1517.88802	-5.2E-4
1515.95932	-5.1E-4
1514.03062	-5.4E-4
1512.10191	-5.3E-4
1510.17321	-4.8E-4
1508.24451	-3.9E-4
1506.31581	-1.2E-4
1504.38711	2.6E-4
1502.45841	5E-4
1500.52971	5.1E-4
1498.601	3E-4
1496.6723	-1E-5
1494.7436	-2.6E-4
1492.8149	-3.9E-4
1490.8862	-4.5E-4
1488.9575	-5.2E-4
1487.0288	-6E-4
1485.10009	-6.8E-4
1483.17139	-7.2E-4
1481.24269	-7.4E-4
1479.31399	-7.3E-4
1477.38529	-7E-4
1475.45659	-6.7E-4
1473.52789	-6.5E-4
1471.59918	-6.2E-4
1469.67048	-5.9E-4
1467.74178	-5.6E-4
1465.81308	-5.4E-4
1463.88438	-5.3E-4
1461.95568	-5.3E-4
1460.02698	-5.3E-4
1458.09827	-5.6E-4
1456.16957	-5.7E-4
1454.24087	-5.3E-4
1452.31217	-5.1E-4
1450.38347	-5E-4
1448.45477	-4.9E-4
1446.52607	-4.9E-4
1444.59736	-4.9E-4
1442.66866	-4.9E-4
1440.73996	-5E-4
1438.81126	-5.1E-4
1436.88256	-5.1E-4
1434.95386	-5E-4
1433.02516	-4.9E-4
1431.09645	-4.9E-4
1429.16775	-5E-4
1427.23905	-5.2E-4
1425.31035	-5.1E-4
1423.38165	-5E-4
1421.45295	-5E-4
1419.52425	-5E-4
1417.59554	-4.9E-4
1415.66684	-4.9E-4
1413.73814	-5.1E-4
1411.80944	-5.3E-4
1409.88074	-5.5E-4
1407.95204	-5.6E-4
1406.02334	-5.8E-4
1404.09463	-6E-4
1402.16593	-6.3E-4
1400.23723	-6.3E-4
1398.30853	-6.3E-4
1396.37983	-6.4E-4
1394.45113	-6.7E-4
1392.52243	-6.9E-4
1390.59372	-7E-4
1388.66502	-7E-4
1386.73632	-6.9E-4
1384.80762	-6.9E-4
1382.87892	-7E-4
1380.95022	-7E-4
1379.02152	-7E-4
1377.09281	-6.8E-4
1375.16411	-6.6E-4
1373.23541	-6.7E-4
1371.30671	-6.7E-4
1369.37801	-6.7E-4
1367.44931	-6.7E-4
1365.52061	-6.7E-4
1363.5919	-6.6E-4
1361.6632	-6.5E-4
1359.7345	-6.6E-4
1357.8058	-6.7E-4
1355.8771	-6.7E-4
1353.9484	-6.7E-4
1352.0197	-6.6E-4
1350.09099	-6.7E-4
1348.16229	-6.9E-4
1346.23359	-7.1E-4
1344.30489	-7.2E-4
1342.37619	-7.2E-4
1340.44749	-7.2E-4
1338.51879	-7.2E-4
1336.59008	-7.4E-4
1334.66138	-7.5E-4
1332.73268	-7.6E-4
1330.80398	-7.5E-4
1328.87528	-7.2E-4
1326.94658	-6.9E-4
1325.01788	-6.6E-4
1323.08917	-6.4E-4
1321.16047	-6.2E-4
1319.23177	-6E-4
1317.30307	-5.8E-4
1315.37437	-5.8E-4
1313.44567	-5.8E-4
1311.51697	-5.9E-4
1309.58826	-5.9E-4
1307.65956	-5.7E-4
1305.73086	-5.4E-4
1303.80216	-4.9E-4
1301.87346	-4.3E-4
1299.94476	-3.5E-4
1298.01606	-3.1E-4
1296.08735	-3.6E-4
1294.15865	-4.8E-4
1292.22995	-5.9E-4
1290.30125	-6.5E-4
1288.37255	-6.7E-4
1286.44385	-6.7E-4
1284.51515	-6.4E-4
1282.58644	-6E-4
1280.65774	-5.4E-4
1278.72904	-4.5E-4
1276.80034	-3.2E-4
1274.87164	-1.4E-4
1272.94294	1E-4
1271.01424	3.9E-4
1269.08554	6.8E-4
1267.15683	9.2E-4
1265.22813	0.001
1263.29943	9.2E-4
1261.37073	7E-4
1259.44203	4.2E-4
1257.51333	1.4E-4
1255.58463	-1E-4
1253.65592	-2.8E-4
1251.72722	-4.1E-4
1249.79852	-4.9E-4
1247.86982	-5.5E-4
1245.94112	-5.8E-4
1244.01242	-6E-4
1242.08372	-6.1E-4
1240.15501	-6.1E-4
1238.22631	-6.2E-4
1236.29761	-6.2E-4
1234.36891	-6.2E-4
1232.44021	-6.2E-4
1230.51151	-6.3E-4
1228.58281	-6.4E-4
1226.6541	-6.5E-4
1224.7254	-6.7E-4
1222.7967	-6.9E-4
1220.868	-7.1E-4
1218.9393	-7.3E-4
1217.0106	-7.4E-4
1215.0819	-7.6E-4
1213.15319	-7.7E-4
1211.22449	-7.9E-4
1209.29579	-8E-4
1207.36709	-8.1E-4
1205.43839	-8.2E-4
1203.50969	-8.2E-4
1201.58099	-8.2E-4
1199.65228	-8.2E-4
1197.72358	-8.1E-4
1195.79488	-8.1E-4
1193.86618	-8.2E-4
1191.93748	-8.2E-4
1190.00878	-8.2E-4
1188.08008	-8.2E-4
1186.15137	-8.2E-4
1184.22267	-8.3E-4
1182.29397	-8.5E-4
1180.36527	-8.6E-4
1178.43657	-8.6E-4
1176.50787	-8.7E-4
1174.57917	-8.7E-4
1172.65046	-8.7E-4
1170.72176	-8.5E-4
1168.79306	-8.4E-4
1166.86436	-8.1E-4
1164.93566	-7.8E-4
1163.00696	-7.3E-4
1161.07826	-6.6E-4
1159.14955	-6E-4
1157.22085	-5.5E-4
1155.29215	-5.4E-4
1153.36345	-5.5E-4
1151.43475	-5.7E-4
1149.50605	-6E-4
1147.57735	-6.1E-4
1145.64864	-6.1E-4
1143.71994	-6.4E-4
1141.79124	-6.7E-4
1139.86254	-7.1E-4
1137.93384	-7.4E-4
1136.00514	-7.6E-4
1134.07644	-7.6E-4
1132.14773	-7.6E-4
1130.21903	-7.5E-4
1128.29033	-7.3E-4
1126.36163	-7.1E-4
1124.43293	-6.7E-4
1122.50423	-5.6E-4
1120.57553	-3.3E-4
1118.64682	-5E-5
1116.71812	1.3E-4
1114.78942	1.3E-4
1112.86072	-1E-5
1110.93202	-1.9E-4
1109.00332	-3.3E-4
1107.07462	-4.3E-4
1105.14591	-5E-4
1103.21721	-5.6E-4
1101.28851	-5.9E-4
1099.35981	-6.2E-4
1097.43111	-6.4E-4
1095.50241	-6.6E-4
1093.57371	-6.8E-4
1091.645	-7.2E-4
1089.7163	-7.7E-4
1087.7876	-7.9E-4
1085.8589	-7.8E-4
1083.9302	-7.6E-4
1082.0015	-7.4E-4
1080.0728	-7.1E-4
1078.14409	-6.9E-4
1076.21539	-6.9E-4
1074.28669	-6.9E-4
1072.35799	-7E-4
1070.42929	-6.9E-4
1068.50059	-6.6E-4
1066.57189	-6.3E-4
1064.64318	-6.2E-4
1062.71448	-6.2E-4
1060.78578	-6.5E-4
1058.85708	-6.5E-4
1056.92838	-6.4E-4
1054.99968	-6.2E-4
1053.07098	-6E-4
1051.14227	-5.7E-4
1049.21357	-5.6E-4
1047.28487	-5.7E-4
1045.35617	-5.8E-4
1043.42747	-5.9E-4
1041.49877	-6E-4
1039.57007	-5.9E-4
1037.64136	-5.9E-4
1035.71266	-6E-4
1033.78396	-6.1E-4
1031.85526	-6.1E-4
1029.92656	-6E-4
1027.99786	-6E-4
1026.06916	-6E-4
1024.14045	-6E-4
1022.21175	-6.1E-4
1020.28305	-6.3E-4
1018.35435	-6.3E-4
1016.42565	-6.2E-4
1014.49695	-6E-4
1012.56825	-5.9E-4
1010.63954	-5.7E-4
1008.71084	-5.6E-4
1006.78214	-5.5E-4
1004.85344	-5.4E-4
1002.92474	-5.2E-4
1000.99604	-4.8E-4
999.06734	-4.3E-4
997.13863	-4.1E-4
995.20993	-4.1E-4
993.28123	-4.4E-4
991.35253	-4.6E-4
989.42383	-4.8E-4
987.49513	-5.1E-4
985.56643	-5.3E-4
983.63772	-5.4E-4
981.70902	-5.4E-4
979.78032	-5.3E-4
977.85162	-5.4E-4
975.92292	-5.4E-4
973.99422	-5.4E-4
972.06552	-5.3E-4
970.13681	-5.1E-4
968.20811	-5E-4
966.27941	-5.1E-4
964.35071	-5.2E-4
962.42201	-5.1E-4
960.49331	-4.7E-4
958.56461	-4.4E-4
956.6359	-4.5E-4
954.7072	-4.7E-4
952.7785	-4.9E-4
950.8498	-5.2E-4
948.9211	-5.4E-4
946.9924	-5.5E-4
945.0637	-5.6E-4
943.13499	-5.5E-4
941.20629	-5.4E-4
939.27759	-5.5E-4
937.34889	-5.5E-4
935.42019	-5.5E-4
933.49149	-5.6E-4
931.56279	-5.8E-4
929.63408	-5.9E-4
927.70538	-5.8E-4
925.77668	-5.7E-4
923.84798	-5.6E-4
921.91928	-5.5E-4
919.99058	-5.5E-4
918.06188	-5.6E-4
916.13317	-5.6E-4
914.20447	-5.6E-4
912.27577	-5.6E-4
910.34707	-5.6E-4
908.41837	-5.6E-4
906.48967	-5.5E-4
904.56097	-5.6E-4
902.63227	-5.6E-4
900.70356	-5.6E-4
898.77486	-5.5E-4
896.84616	-5.4E-4
894.91746	-5.3E-4
892.98876	-5.3E-4
891.06006	-5.3E-4
889.13136	-5.6E-4
887.20265	-5.7E-4
885.27395	-5.7E-4
883.34525	-5.6E-4
881.41655	-5.6E-4
879.48785	-5.6E-4
877.55915	-5.7E-4
875.63045	-5.8E-4
873.70174	-5.9E-4
871.77304	-5.8E-4
869.84434	-5.7E-4
867.91564	-5.4E-4
865.98694	-5.2E-4
864.05824	-5.1E-4
862.12954	-4.9E-4
860.20083	-4.7E-4
858.27213	-4.3E-4
856.34343	-3.7E-4
854.41473	-3.2E-4
852.48603	-2.7E-4
850.55733	-2.6E-4
848.62863	-2.7E-4
846.69992	-2.8E-4
844.77122	-2.9E-4
842.84252	-2.8E-4
840.91382	-2.5E-4
838.98512	-2.2E-4
837.05642	-2.3E-4
835.12772	-2.7E-4
833.19901	-3.3E-4
831.27031	-4E-4
829.34161	-4.5E-4
827.41291	-4.8E-4
825.48421	-4.9E-4
823.55551	-5.1E-4
821.62681	-5.4E-4
819.6981	-5.6E-4
817.7694	-5.8E-4
815.8407	-5.9E-4
813.912	-5.9E-4
811.9833	-5.8E-4
810.0546	-5.7E-4
808.1259	-5.6E-4
806.19719	-5.5E-4
804.26849	-5.4E-4
802.33979	-5.4E-4
800.41109	-5.3E-4
798.48239	-5.3E-4
796.55369	-5.2E-4
794.62499	-5.3E-4
792.69628	-5.5E-4
790.76758	-5.6E-4
788.83888	-5.7E-4
786.91018	-5.7E-4
784.98148	-5.8E-4
783.05278	-5.7E-4
781.12408	-5.6E-4
779.19537	-5.5E-4
777.26667	-5.5E-4
775.33797	-5.6E-4
773.40927	-5.6E-4
771.48057	-5.4E-4
769.55187	-5.2E-4
767.62317	-5.1E-4
765.69446	-5.2E-4
763.76576	-5.4E-4
761.83706	-5.5E-4
759.90836	-5.4E-4
757.97966	-5.4E-4
756.05096	-5.4E-4
754.12226	-5.3E-4
752.19355	-5.2E-4
750.26485	-5.2E-4
748.33615	-5.3E-4
746.40745	-5.5E-4
744.47875	-5.6E-4
742.55005	-5.5E-4
740.62135	-5.3E-4
738.69264	-5.1E-4
736.76394	-5.1E-4
734.83524	-5.4E-4
732.90654	-5.6E-4
730.97784	-5.6E-4
729.04914	-5.4E-4
727.12044	-5E-4
725.19173	-4.7E-4
723.26303	-4.6E-4
721.33433	-4.8E-4
719.40563	-5.2E-4
717.47693	-5.4E-4
715.54823	-5.3E-4
713.61953	-4.9E-4
711.69082	-4.7E-4
709.76212	-4.9E-4
707.83342	-5.2E-4
705.90472	-5.1E-4
703.97602	-5.3E-4
702.04732	-5.9E-4
700.11862	-6.4E-4
698.18991	-6.3E-4
696.26121	-5.9E-4
694.33251	-5.6E-4
692.40381	-5.5E-4
690.47511	-5.7E-4
688.54641	-6.2E-4
686.61771	-6.5E-4
684.689	-6.2E-4
682.7603	-5.5E-4
680.8316	-5.6E-4
678.9029	-6.3E-4
676.9742	-6.3E-4
675.0455	-5.8E-4
673.1168	-5.6E-4
671.18809	-4.6E-4
669.25939	-2.5E-4
667.33069	-1.8E-4
665.40199	-3.7E-4
663.47329	-5.5E-4
661.54459	-6.1E-4
659.61589	-6.1E-4
657.68718	-5.8E-4
655.75848	-5.2E-4
653.82978	-5E-4
651.90108	-5.2E-4
649.97238	-5.6E-4
648.04368	-5.9E-4
646.11498	-6E-4
644.18627	-6.1E-4
642.25757	-6.2E-4
640.32887	-6.3E-4
638.40017	-6.2E-4
636.47147	-6E-4
634.54277	-6E-4
632.61407	-6.1E-4
630.68536	-6.2E-4
628.75666	-6E-4
626.82796	-5.8E-4
624.89926	-5.9E-4
622.97056	-5.9E-4
621.04186	-5.9E-4
619.11316	-5.9E-4
617.18445	-5.9E-4
615.25575	-6E-4
613.32705	-5.9E-4
611.39835	-5.7E-4
609.46965	-5.6E-4
607.54095	-5.7E-4
605.61225	-5.8E-4
603.68354	-5.8E-4
601.75484	-5.4E-4
599.82614	-4.7E-4
597.89744	-4.1E-4
595.96874	-3.6E-4
594.04004	-3.4E-4
592.11134	-3.3E-4
590.18263	-3.5E-4
588.25393	-3.9E-4
586.32523	-4E-4
584.39653	-3.4E-4
582.46783	-2.6E-4
580.53913	-2.3E-4
578.61043	-2.5E-4
576.68172	-3E-4
574.75302	-3.5E-4
572.82432	-3.5E-4
570.89562	-2.9E-4
568.96692	-2.4E-4
567.03822	-2.3E-4
565.10952	-2E-4
563.18081	-1.8E-4
561.25211	-1.7E-4
559.32341	-1.5E-4
557.39471	-9E-5
555.46601	-2E-5
553.53731	0
551.60861	-6E-5
549.6799	-1.1E-4
547.7512	-6E-5
545.8225	2E-5
543.8938	8E-5
541.9651	3E-5
540.0364	-1.1E-4
538.1077	-1.6E-4
536.179	-5E-5
534.25029	1E-5
532.32159	-8E-5
530.39289	-1.2E-4
528.46419	-2E-5
526.53549	1E-4
524.60679	1.1E-4
522.67809	5E-5
520.74938	-3E-5
518.82068	2E-5
516.89198	1.6E-4
514.96328	2.6E-4
513.03458	3E-4
511.10588	3.6E-4
509.17718	5.4E-4
507.24847	7.4E-4
505.31977	7.7E-4
503.39107	4.4E-4
501.46237	-2.6E-4
499.53367	-7.8E-4
497.60497	-7.5E-4
495.67627	-7E-4
493.74756	-9.5E-4
491.81886	-0.00169
489.89016	-0.00275
487.96146	-0.00323
486.03276	-0.00225
484.10406	-0.00114
482.17536	-0.00193
480.24665	-0.00335
478.31795	-0.00337
476.38925	-0.00284
474.46055	-0.00265
472.53185	-0.00242
470.60315	-0.00226
468.67445	-0.00232
466.74574	-0.00261
464.81704	-0.00281
462.88834	-0.00244
460.95964	-0.002
459.03094	-0.00194
457.10224	-0.00214
455.17354	-0.00237
453.24483	-0.00256
451.31613	-0.00254
449.38743	-0.00221
447.45873	-0.00183
445.53003	-0.00159
443.60133	-0.00151
441.67263	-0.00171
439.74392	-0.00212
437.81522	-0.00226
435.88652	-0.00211
433.95782	-0.00226
432.02912	-0.00273
430.10042	-0.00296
428.17172	-0.00278
426.24301	-0.00263
424.31431	-0.00273
422.38561	-0.00261
420.45691	-0.0022
418.52821	-0.00211
416.59951	-0.00239
414.67081	-0.00229
412.7421	-0.00186
410.8134	-0.00195
408.8847	-0.0025
406.956	-0.00272
405.0273	-0.00267
403.0986	-0.00304
401.1699	-0.00323
399.24119	-0.00247
