0	3E-5	160
1	3.7E-5	160.85
2	4.5E-5	161.7
3	5.5E-5	162.55
4.3995	7.1E-5	163.739575
5.2817	8.4E-5	164.489445
6.2817	9.9E-5	165.339445
7.2817	1.17E-4	166.189445
8.2817	1.36E-4	167.039445
9.2817	1.58E-4	167.889445
10.2817	1.81E-4	168.739445
11.2817	2.05E-4	169.589445
13.1071	2.53E-4	171.141035
14.1071	2.8E-4	171.991035
15.1071	3.07E-4	172.841035
16.5968	3.48E-4	174.10728
17.5968	3.75E-4	174.95728
18.8614	4.07E-4	176.03219
19.8614	4.32E-4	176.88219
20.8614	4.55E-4	177.73219
21.8614	4.76E-4	178.58219
22.8614	4.96E-4	179.43219
23.8614	5.14E-4	180.28219
24.8614	5.31E-4	181.13219
25.8614	5.46E-4	181.98219
26.8614	5.59E-4	182.83219
28.1365	5.74E-4	183.916025
28.8493	5.81E-4	184.521905
29.8493	5.9E-4	185.371905
30.8493	5.98E-4	186.221905
31.9096	6.06E-4	187.12316
32.9096	6.13E-4	187.97316
33.9129	6.19E-4	188.825965
34.9129	6.24E-4	189.675965
36.5687	6.33E-4	191.083395
37.5687	6.37E-4	191.933395
38.5687	6.41E-4	192.783395
39.5687	6.45E-4	193.633395
41.1221	6.48E-4	194.953785
41.988	6.49E-4	195.6898
43.4606	6.49E-4	196.94151
44.2971	6.48E-4	197.652535
45.2971	6.44E-4	198.502535
46.2971	6.4E-4	199.352535
47.6443	6.32E-4	200.497655
48.9038	6.22E-4	201.56823
50.251	6.1E-4	202.71335
51.251	5.99E-4	203.56335
52.7585	5.82E-4	204.844725
53.7585	5.69E-4	205.694725
54.7585	5.55E-4	206.544725
56.1826	5.33E-4	207.75521
57.1826	5.16E-4	208.60521
58.1826	4.98E-4	209.45521
59.2296	4.78E-4	210.34516
60.5622	4.5E-4	211.47787
61.5622	4.28E-4	212.32787
62.5622	4.06E-4	213.17787
63.5622	3.84E-4	214.02787
64.5622	3.62E-4	214.87787
65.5622	3.41E-4	215.72787
66.5622	3.21E-4	216.57787
67.5622	3.03E-4	217.42787
68.5622	2.88E-4	218.27787
69.5622	2.76E-4	219.12787
70.5622	2.67E-4	219.97787
71.5622	2.62E-4	220.82787
73.3258	2.63E-4	222.32693
75.2098	2.77E-4	223.92833
76.2098	2.9E-4	224.77833
77.286	3.06E-4	225.6931
78.286	3.25E-4	226.5431
79.286	3.45E-4	227.3931
80.286	3.66E-4	228.2431
81.286	3.87E-4	229.0931
82.286	4.08E-4	229.9431
83.286	4.29E-4	230.7931
84.6834	4.55E-4	231.98089
85.8984	4.74E-4	233.01364
87.3421	4.92E-4	234.240785
88.3421	5.01E-4	235.090785
89.3421	5.07E-4	235.940785
90.3421	5.11E-4	236.790785
91.3421	5.13E-4	237.640785
92.4547	5.13E-4	238.586495
93.7149	5.11E-4	239.657665
94.7149	5.08E-4	240.507665
95.7149	5.05E-4	241.357665
96.7149	5.02E-4	242.207665
97.7149	5E-4	243.057665
98.7149	4.99E-4	243.907665
99.7149	4.99E-4	244.757665
101.6915	5.08E-4	246.437775
102.7722	5.19E-4	247.35637
103.7722	5.32E-4	248.20637
104.7722	5.51E-4	249.05637
105.7722	5.75E-4	249.90637
106.7722	6.04E-4	250.75637
107.7722	6.39E-4	251.60637
108.7722	6.79E-4	252.45637
109.7722	7.23E-4	253.30637
110.7722	7.71E-4	254.15637
111.7722	8.2E-4	255.00637
112.7722	8.71E-4	255.85637
113.7722	9.19E-4	256.70637
114.7722	9.64E-4	257.55637
115.7722	0.001003	258.40637
116.7722	0.001034	259.25637
117.7722	0.001055	260.10637
119.7183	0.001063	261.760555
120.7183	0.001049	262.610555
121.7183	0.001023	263.460555
122.7183	9.85E-4	264.310555
123.7183	9.36E-4	265.160555
124.7183	8.79E-4	266.010555
125.7183	8.14E-4	266.860555
126.7183	7.45E-4	267.710555
127.7183	6.73E-4	268.560555
128.7183	6.01E-4	269.410555
129.7183	5.31E-4	270.260555
130.7183	4.63E-4	271.110555
131.7183	4.01E-4	271.960555
132.7183	3.45E-4	272.810555
133.7183	2.96E-4	273.660555
134.7183	2.54E-4	274.510555
136.4415	1.98E-4	275.975275
137.4415	1.76E-4	276.825275
138.4415	1.6E-4	277.675275
140.0543	1.47E-4	279.046155
141.0543	1.45E-4	279.896155
142.0543	1.48E-4	280.746155
143.0543	1.53E-4	281.596155
144.0543	1.61E-4	282.446155
145.0543	1.71E-4	283.296155
146.0543	1.82E-4	284.146155
147.0543	1.92E-4	284.996155
148.0543	2.02E-4	285.846155
149.0543	2.11E-4	286.696155
150.0543	2.18E-4	287.546155
151.892	2.25E-4	289.1082
153.1131	2.25E-4	290.146135
154.1131	2.23E-4	290.996135
155.5506	2.15E-4	292.21801
156.5506	2.08E-4	293.06801
157.7129	1.97E-4	294.055965
158.7129	1.87E-4	294.905965
159.7129	1.77E-4	295.755965
160.7129	1.67E-4	296.605965
162.4744	1.53E-4	298.10324
163.4744	1.47E-4	298.95324
164.4744	1.43E-4	299.80324
165.4744	1.42E-4	300.65324
166.4744	1.44E-4	301.50324
167.4744	1.49E-4	302.35324
168.4744	1.57E-4	303.20324
169.4744	1.69E-4	304.05324
170.4744	1.85E-4	304.90324
171.4744	2.04E-4	305.75324
172.4744	2.26E-4	306.60324
173.4744	2.52E-4	307.45324
174.8711	2.93E-4	308.640435
175.8711	3.25E-4	309.490435
176.8711	3.6E-4	310.340435
177.8711	3.96E-4	311.190435
178.8711	4.33E-4	312.040435
179.8711	4.71E-4	312.890435
180.8711	5.08E-4	313.740435
181.8711	5.44E-4	314.590435
182.8711	5.79E-4	315.440435
183.8711	6.11E-4	316.290435
185.1629	6.47E-4	317.388465
186.1629	6.69E-4	318.238465
187.1629	6.88E-4	319.088465
188.1629	7E-4	319.938465
189.1629	7.07E-4	320.788465
190.1629	7.09E-4	321.638465
191.1629	7.05E-4	322.488465
192.1629	6.95E-4	323.338465
193.5005	6.76E-4	324.475425
194.9991	6.47E-4	325.749235
195.9991	6.26E-4	326.599235
196.9991	6.04E-4	327.449235
197.9991	5.84E-4	328.299235
198.9991	5.68E-4	329.149235
199.9991	5.56E-4	329.999235
200.9991	5.52E-4	330.849235
201.9991	5.57E-4	331.699235
202.9991	5.73E-4	332.549235
203.9991	6.02E-4	333.399235
204.9991	6.46E-4	334.249235
205.9991	7.06E-4	335.099235
206.9991	7.84E-4	335.949235
207.9991	8.8E-4	336.799235
208.9991	9.97E-4	337.649235
209.9991	0.001134	338.499235
210.9991	0.001292	339.349235
211.9991	0.001471	340.199235
213.1273	0.001698	341.158205
214.0691	0.001906	341.958735
215.0691	0.002144	342.808735
216.0691	0.002399	343.658735
217.0691	0.002666	344.508735
218.0691	0.002943	345.358735
219.0691	0.003226	346.208735
220.0691	0.003509	347.058735
221.8166	0.00399	348.54411
222.9975	0.004291	349.547875
223.9975	0.004522	350.397875
224.9975	0.004726	351.247875
225.9975	0.004896	352.097875
226.9975	0.005027	352.947875
227.9975	0.005117	353.797875
229.4041	0.005166	354.993485
230.3263	0.00515	355.777355
231.3263	0.005088	356.627355
232.3295	0.004984	357.480075
233.3295	0.004841	358.330075
235.1393	0.004501	359.868405
236.1393	0.004281	360.718405
237.1393	0.004046	361.568405
238.1393	0.003805	362.418405
239.1393	0.003564	363.268405
240.1393	0.003331	364.118405
241.5353	0.003027	365.305005
242.5353	0.002832	366.155005
243.5353	0.00266	367.005005
244.5353	0.002514	367.855005
246.3009	0.002321	369.355765
247.3009	0.002249	370.205765
248.8821	0.002191	371.549785
249.8821	0.002187	372.399785
250.8821	0.002207	373.249785
252.7869	0.002302	374.868865
253.7869	0.002377	375.718865
254.91	0.002477	376.6735
255.91	0.002577	377.5235
256.91	0.002683	378.3735
258.1305	0.002813	379.410925
259.1305	0.002915	380.260925
260.4308	0.003035	381.36618
261.4308	0.003111	382.21618
263.3934	0.003207	383.88439
264.4644	0.003224	384.79474
266.0088	0.0032	386.10748
267.7804	0.003103	387.61334
268.0771	0.003081	387.865535
269.0771	0.002991	388.715535
270.0771	0.002884	389.565535
271.0771	0.002764	390.415535
272.0771	0.002635	391.265535
273.0771	0.002501	392.115535
274.0771	0.002366	392.965535
275.0771	0.002236	393.815535
276.4125	0.002078	394.950625
277.4125	0.001976	395.800625
278.4125	0.001895	396.650625
279.4125	0.001837	397.500625
280.4125	0.001808	398.350625
281.4125	0.00181	399.200625
282.4125	0.001847	400.050625
283.4125	0.001921	400.900625
284.4125	0.002033	401.750625
285.4125	0.002184	402.600625
286.4125	0.002371	403.450625
287.4125	0.002591	404.300625
288.4125	0.00284	405.150625
289.4125	0.003111	406.000625
290.4125	0.003396	406.850625
291.4125	0.003684	407.700625
292.4125	0.003967	408.550625
294.326	0.004451	410.1771
295.326	0.004654	411.0271
296.326	0.004812	411.8771
297.326	0.004916	412.7271
299.231	0.004953	414.34635
300.231	0.004886	415.19635
301.231	0.004763	416.04635
302.231	0.004591	416.89635
303.231	0.004378	417.74635
304.231	0.004133	418.59635
305.231	0.00387	419.44635
306.231	0.0036	420.29635
307.231	0.003336	421.14635
308.231	0.003089	421.99635
309.231	0.00287	422.84635
310.231	0.002689	423.69635
311.231	0.002551	424.54635
312.231	0.002463	425.39635
313.231	0.002425	426.24635
314.231	0.002438	427.09635
315.231	0.002499	427.94635
316.231	0.002604	428.79635
317.231	0.002747	429.64635
318.231	0.00292	430.49635
319.231	0.003116	431.34635
320.231	0.003326	432.19635
321.231	0.003541	433.04635
322.231	0.003755	433.89635
323.231	0.003961	434.74635
325.0141	0.004296	436.261985
326.0141	0.004461	437.111985
327.0141	0.004609	437.961985
328.2194	0.004766	438.98649
329.2194	0.004881	439.83649
330.2194	0.004986	440.68649
331.2194	0.005083	441.53649
332.2194	0.005174	442.38649
333.2194	0.00526	443.23649
334.2194	0.005341	444.08649
335.2194	0.005417	444.93649
336.2425	0.005484	445.806125
337.2425	0.005537	446.656125
338.2425	0.005571	447.506125
339.2425	0.005582	448.356125
341.1932	0.005518	450.01422
342.1932	0.005434	450.86422
343.3508	0.00529	451.84818
344.1561	0.005161	452.532685
345.1561	0.004968	453.382685
346.1561	0.004744	454.232685
347.1561	0.004493	455.082685
348.1561	0.004222	455.932685
349.1561	0.003938	456.782685
350.1561	0.003648	457.632685
351.1561	0.003359	458.482685
352.1561	0.003078	459.332685
353.1561	0.00281	460.182685
354.1561	0.002559	461.032685
355.4121	0.002272	462.100285
356.4121	0.002069	462.950285
357.4121	0.001886	463.800285
358.4121	0.001724	464.650285
359.4121	0.001581	465.500285
360.4121	0.001454	466.350285
361.4121	0.001341	467.200285
362.9566	0.001189	468.51311
363.9566	0.001102	469.36311
364.9566	0.001023	470.21311
365.9566	9.5E-4	471.06311
366.9566	8.85E-4	471.91311
367.9566	8.26E-4	472.76311
368.9566	7.76E-4	473.61311
369.9566	7.36E-4	474.46311
370.9566	7.06E-4	475.31311
371.9566	6.9E-4	476.16311
372.9566	6.89E-4	477.01311
373.9566	7.04E-4	477.86311
374.9566	7.36E-4	478.71311
375.9566	7.87E-4	479.56311
376.9566	8.56E-4	480.41311
377.9566	9.43E-4	481.26311
378.9566	0.001048	482.11311
380.4147	0.001226	483.352495
381.4147	0.001361	484.202495
382.4147	0.001503	485.052495
383.4147	0.001648	485.902495
384.4147	0.00179	486.752495
385.4147	0.001924	487.602495
386.4147	0.002046	488.452495
387.4147	0.002152	489.302495
388.4147	0.002237	490.152495
389.4147	0.002299	491.002495
390.8062	0.002343	492.18527
391.8062	0.002346	493.03527
392.8062	0.002325	493.88527
393.8062	0.002284	494.73527
394.8062	0.002227	495.58527
395.8062	0.002159	496.43527
396.8062	0.002085	497.28527
397.8062	0.002011	498.13527
398.8062	0.001944	498.98527
399.8062	0.001888	499.83527
400.8062	0.001849	500.68527
401.8062	0.00183	501.53527
402.8062	0.001835	502.38527
403.8062	0.001867	503.23527
404.8062	0.001926	504.08527
405.8062	0.002012	504.93527
407.685	0.002247	506.53225
408.2969	0.002342	507.052365
409.8277	0.002618	508.353545
411.7678	0.003033	510.00263
413.1759	0.003372	511.199515
413.7339	0.003515	511.673815
414.7339	0.00378	512.523815
415.7339	0.004057	513.373815
416.7339	0.004345	514.223815
417.7339	0.004643	515.073815
418.7339	0.00495	515.923815
420.393	0.005478	517.33405
421.7182	0.005911	518.46047
422.7182	0.006241	519.31047
423.7182	0.006568	520.16047
424.7182	0.006888	521.01047
425.7182	0.007197	521.86047
426.7182	0.007488	522.71047
427.7182	0.007757	523.56047
429.2518	0.008115	524.86403
430.2518	0.008309	525.71403
431.2518	0.008474	526.56403
433.2305	0.00873	528.245925
434.6536	0.008892	529.45556
435.5586	0.009007	530.22481
436.5586	0.009166	531.07481
437.5586	0.009378	531.92481
438.5586	0.009664	532.77481
439.5586	0.010043	533.62481
440.5586	0.010532	534.47481
441.5586	0.011142	535.32481
442.5586	0.011879	536.17481
444.3071	0.013458	537.661035
445.3071	0.014499	538.511035
446.3071	0.015609	539.361035
447.3071	0.016752	540.211035
448.3071	0.017885	541.061035
449.3071	0.018962	541.911035
451.2699	0.020728	543.579415
451.5949	0.020958	543.855665
452.5949	0.021524	544.705665
453.5949	0.021855	545.555665
454.6935	0.02192	546.489475
455.6935	0.021697	547.339475
456.6935	0.021208	548.189475
457.6935	0.020467	549.039475
458.6935	0.019501	549.889475
459.6935	0.018343	550.739475
460.6935	0.017033	551.589475
461.6935	0.015617	552.439475
462.9881	0.013699	553.539885
463.9881	0.012207	554.389885
464.9881	0.010751	555.239885
465.9881	0.009364	556.089885
466.9881	0.008073	556.939885
468.931	0.005914	558.59135
469.931	0.005005	559.44135
470.931	0.004243	560.29135
471.931	0.003628	561.14135
472.931	0.003163	561.99135
473.931	0.002849	562.84135
474.931	0.002688	563.69135
476.0525	0.002697	564.644625
477.0525	0.002887	565.494625
478.0525	0.003263	566.344625
479.0525	0.003845	567.194625
480.0525	0.004657	568.044625
481.0525	0.005727	568.894625
482.0525	0.007085	569.744625
483.0525	0.00876	570.594625
484.0525	0.010776	571.444625
485.0525	0.013153	572.294625
486.4268	0.017026	573.46278
486.6629	0.017761	573.663465
487.6629	0.021092	574.513465
488.6629	0.02475	575.363465
489.6629	0.028684	576.213465
490.6629	0.032822	577.063465
491.6629	0.037073	577.913465
492.6629	0.041328	578.763465
493.6629	0.045466	579.613465
494.6629	0.049355	580.463465
495.6927	0.052962	581.338795
496.6927	0.055949	582.188795
497.6927	0.058317	583.038795
498.6927	0.059976	583.888795
499.9994	0.06098	584.99949
500.3536	0.061018	585.30056
501.3536	0.060589	586.15056
502.3536	0.059399	587.00056
503.8262	0.056417	588.25227
504.8262	0.053713	589.10227
505.8262	0.050621	589.95227
506.8262	0.047301	590.80227
507.8262	0.043925	591.65227
508.8262	0.040666	592.50227
509.8262	0.037691	593.35227
510.8262	0.035158	594.20227
511.8262	0.033203	595.05227
512.8262	0.031941	595.90227
513.8262	0.031457	596.75227
514.8262	0.031807	597.60227
515.8262	0.033012	598.45227
516.8262	0.03506	599.30227
517.8262	0.037905	600.15227
518.8262	0.041465	601.00227
519.8262	0.045631	601.85227
521.2891	0.052525	603.095735
522.4584	0.058412	604.08964
523.4584	0.063476	604.93964
524.4584	0.068373	605.78964
525.4584	0.072927	606.63964
526.4584	0.076975	607.48964
527.4584	0.08038	608.33964
528.6989	0.083554	609.394065
529.6989	0.085187	610.244065
530.6989	0.085968	611.094065
532.1457	0.085635	612.323845
533.1457	0.084478	613.173845
534.1457	0.08267	614.023845
535.1457	0.080321	614.873845
536.1457	0.077554	615.723845
537.1457	0.07449	616.573845
538.1457	0.071242	617.423845
539.1457	0.067907	618.273845
540.1457	0.064566	619.123845
541.1457	0.061273	619.973845
542.1457	0.058064	620.823845
543.1457	0.054956	621.673845
544.1457	0.051948	622.523845
545.8905	0.046911	624.006925
546.8905	0.044119	624.856925
547.8905	0.041379	625.706925
548.8905	0.038686	626.556925
549.8905	0.03604	627.406925
550.8905	0.033451	628.256925
551.8905	0.030936	629.106925
552.8905	0.028517	629.956925
553.8905	0.02622	630.806925
554.8905	0.02407	631.656925
555.8905	0.022091	632.506925
556.9344	0.020228	633.39424
557.1227	0.019915	633.554295
558.1227	0.018377	634.404295
559.1227	0.01705	635.254295
560.1227	0.015935	636.104295
561.1227	0.015025	636.954295
562.1227	0.01431	637.804295
563.1227	0.013779	638.654295
564.6578	0.01329	639.95913
565.6578	0.013162	640.80913
566.6578	0.013169	641.65913
567.6578	0.013298	642.50913
568.6578	0.013533	643.35913
569.6578	0.013862	644.20913
570.6578	0.014266	645.05913
571.6578	0.014728	645.90913
572.6578	0.015225	646.75913
573.6578	0.015732	647.60913
574.6578	0.016222	648.45913
575.6578	0.016665	649.30913
576.6578	0.017034	650.15913
577.6578	0.017299	651.00913
578.6578	0.017437	651.85913
580.6296	0.01727	653.53516
581.6296	0.016948	654.38516
582.6296	0.01647	655.23516
583.6296	0.01585	656.08516
584.6296	0.015112	656.93516
585.6296	0.014287	657.78516
586.6296	0.013412	658.63516
587.6296	0.012527	659.48516
588.6296	0.011677	660.33516
589.6296	0.010902	661.18516
590.6296	0.010245	662.03516
591.6296	0.00974	662.88516
592.6296	0.009417	663.73516
593.6296	0.009299	664.58516
594.6296	0.0094	665.43516
595.6296	0.009723	666.28516
596.6296	0.010264	667.13516
597.6296	0.011009	667.98516
598.6296	0.011937	668.83516
599.6296	0.013017	669.68516
600.6296	0.014217	670.53516
601.6296	0.015497	671.38516
602.6296	0.016819	672.23516
603.6296	0.018145	673.08516
604.6296	0.019442	673.93516
605.6296	0.020681	674.78516
606.6296	0.021842	675.63516
608.1107	0.023399	676.894095
609.1107	0.024342	677.744095
610.1107	0.025209	678.594095
611.1107	0.026022	679.444095
612.1107	0.026804	680.294095
613.3808	0.027797	681.37368
614.3808	0.028612	682.22368
615.3808	0.02948	683.07368
616.3808	0.03042	683.92368
617.3808	0.031439	684.77368
618.3808	0.032536	685.62368
619.8005	0.034206	686.830425
620.8005	0.035436	687.680425
622.3191	0.03732	688.971235
623.3191	0.038525	689.821235
624.808	0.040187	691.0868
625.808	0.041171	691.9368
626.808	0.04202	692.7868
628.2972	0.042987	694.05262
629.2997	0.043417	694.904745
629.3715	0.04344	694.965775
630.3715	0.043664	695.815775
631.4158	0.043686	696.70343
632.7288	0.043396	697.81948
633.82	0.042883	698.747
634.82	0.042192	699.597
635.82	0.041293	700.447
636.82	0.040188	701.297
637.82	0.038886	702.147
639.4839	0.036328	703.561315
640.4839	0.034594	704.411315
641.4839	0.032753	705.261315
642.4839	0.030851	706.111315
643.4839	0.028938	706.961315
644.4839	0.027073	707.811315
645.4839	0.025318	708.661315
646.4839	0.023737	709.511315
647.4839	0.022393	710.361315
648.4839	0.021341	711.211315
649.4839	0.020631	712.061315
650.4839	0.0203	712.911315
651.4839	0.020371	713.761315
652.4839	0.02085	714.611315
653.4839	0.021725	715.461315
654.4839	0.022969	716.311315
655.4839	0.024533	717.161315
656.4839	0.026355	718.011315
657.4839	0.028358	718.861315
658.4839	0.030456	719.711315
659.4839	0.032557	720.561315
660.4839	0.034566	721.411315
662.4459	0.037905	723.079015
662.5873	0.038102	723.199205
663.5873	0.039296	724.049205
665.4758	0.040457	725.65443
667.346	0.040083	727.2441
668.346	0.039275	728.0941
669.346	0.038084	728.9441
670.346	0.036557	729.7941
671.346	0.03475	730.6441
672.346	0.032725	731.4941
673.346	0.030544	732.3441
674.346	0.028268	733.1941
675.346	0.025952	734.0441
677.137	0.021859	735.56645
677.5978	0.020839	735.95813
678.5978	0.018697	736.80813
679.5978	0.016672	737.65813
680.5978	0.014781	738.50813
681.5978	0.013036	739.35813
682.5978	0.011444	740.20813
683.5978	0.01001	741.05813
684.5978	0.008736	741.90813
685.5978	0.007625	742.75813
687.5319	0.005945	744.402115
688.5319	0.005323	745.252115
689.5319	0.004876	746.102115
690.5319	0.004607	746.952115
691.5319	0.004523	747.802115
692.5319	0.00463	748.652115
693.5319	0.004936	749.502115
694.5319	0.005448	750.352115
695.5319	0.006173	751.202115
696.5319	0.007116	752.052115
697.5319	0.008281	752.902115
698.5319	0.009673	753.752115
699.5319	0.011292	754.602115
700.5319	0.013138	755.452115
701.5319	0.015207	756.302115
702.5319	0.017495	757.152115
703.5319	0.019993	758.002115
704.5319	0.022694	758.852115
705.5319	0.025583	759.702115
706.5319	0.028647	760.552115
707.5319	0.031866	761.402115
709.2622	0.037735	762.87287
711.1483	0.044406	764.476055
712.1483	0.047975	765.326055
713.1483	0.051508	766.176055
714.1483	0.054958	767.026055
715.1483	0.058273	767.876055
716.1483	0.061406	768.726055
717.1483	0.064312	769.576055
718.1483	0.066955	770.426055
719.6358	0.070346	771.69043
720.4278	0.071878	772.36363
721.4278	0.073548	773.21363
722.9542	0.075576	774.51107
723.6183	0.07629	775.075555
724.6183	0.077213	775.925555
725.6663	0.078034	776.816355
726.2819	0.07847	777.339615
727.2819	0.079138	778.189615
728.2819	0.079789	779.039615
729.2819	0.080451	779.889615
730.2819	0.081135	780.739615
731.2819	0.081835	781.589615
732.2819	0.082529	782.439615
733.2819	0.083182	783.289615
734.2819	0.083747	784.139615
735.2819	0.084171	784.989615
737.025	0.084413	786.47125
738.025	0.084183	787.32125
739.025	0.083634	788.17125
740.9578	0.081582	789.81413
742.3125	0.079338	790.965625
743.3125	0.077267	791.815625
744.3125	0.074866	792.665625
745.3125	0.07216	793.515625
746.3125	0.069185	794.365625
747.3125	0.065977	795.215625
748.4783	0.062	796.206555
750.2559	0.055601	797.717515
751.2161	0.052059	798.533685
752.2161	0.048369	799.383685
753.2161	0.044726	800.233685
754.2161	0.041182	801.083685
755.6286	0.036433	802.28431
756.6286	0.033309	803.13431
757.6286	0.030418	803.98431
758.6286	0.027785	804.83431
759.6286	0.02542	805.68431
760.6286	0.023326	806.53431
761.6286	0.021494	807.38431
762.6286	0.019908	808.23431
763.6286	0.01854	809.08431
765.1214	0.016839	810.35319
766.1214	0.015876	811.20319
767.1214	0.015014	812.05319
768.6425	0.013824	813.346125
770.1123	0.012737	814.595455
771.1123	0.012001	815.445455
772.9151	0.010646	816.977835
773.2583	0.010384	817.269555
774.2583	0.00961	818.119555
775.2583	0.008831	818.969555
776.2583	0.008056	819.819555
777.2583	0.007296	820.669555
778.2583	0.006563	821.519555
779.2583	0.005869	822.369555
780.2583	0.005224	823.219555
781.2583	0.004634	824.069555
782.2583	0.004106	824.919555
783.2583	0.003642	825.769555
784.2583	0.003242	826.619555
785.2583	0.002903	827.469555
786.2583	0.002621	828.319555
787.2583	0.00239	829.169555
788.2583	0.002203	830.019555
789.2583	0.002055	830.869555
790.2583	0.001938	831.719555
792.2161	0.001785	833.383685
792.867	0.001754	833.93695
793.867	0.001727	834.78695
794.867	0.001728	835.63695
795.867	0.001767	836.48695
796.867	0.001855	837.33695
797.867	0.002009	838.18695
798.867	0.002251	839.03695
799.867	0.002608	839.88695
800.867	0.003111	840.73695
801.867	0.003798	841.58695
802.867	0.004709	842.43695
803.867	0.005887	843.28695
804.867	0.007379	844.13695
805.867	0.009228	844.98695
806.867	0.011476	845.83695
807.867	0.014157	846.68695
808.867	0.017293	847.53695
809.867	0.020893	848.38695
810.867	0.024947	849.23695
811.867	0.029421	850.08695
812.867	0.034259	850.93695
814.4281	0.042332	852.263885
814.9696	0.045214	852.72416
815.9696	0.05054	853.57416
816.9696	0.055738	854.42416
817.9696	0.060647	855.27416
818.9696	0.065099	856.12416
819.9696	0.068934	856.97416
820.9696	0.072006	857.82416
821.9696	0.074195	858.67416
823.7233	0.075656	860.164805
824.7233	0.075073	861.014805
825.7233	0.073484	861.864805
826.7233	0.070953	862.714805
827.7233	0.067583	863.564805
828.7233	0.063508	864.414805
829.7233	0.058884	865.264805
830.7233	0.053879	866.114805
831.7233	0.048665	866.964805
832.7233	0.043408	867.814805
833.7233	0.038262	868.664805
834.7233	0.033358	869.514805
835.7233	0.028806	870.364805
836.7233	0.024688	871.214805
837.8473	0.020642	872.170205
838.8473	0.017594	873.020205
839.8473	0.015067	873.870205
840.8473	0.013043	874.720205
841.8473	0.011491	875.570205
842.8473	0.010362	876.420205
843.8473	0.009604	877.270205
844.8473	0.009155	878.120205
845.8473	0.008955	878.970205
846.8473	0.008942	879.820205
847.8473	0.009058	880.670205
848.8473	0.009248	881.520205
849.8473	0.009465	882.370205
850.8473	0.009667	883.220205
851.8473	0.009823	884.070205
853.3811	0.009917	885.373935
854.3811	0.009862	886.223935
855.3811	0.00971	887.073935
856.3811	0.009464	887.923935
857.3811	0.009133	888.773935
858.3811	0.00873	889.623935
859.3811	0.008274	890.473935
861.0774	0.007433	891.91579
862.0774	0.00693	892.76579
862.4295	0.006757	893.065075
863.4295	0.006282	893.915075
864.4295	0.005846	894.765075
865.4295	0.005461	895.615075
866.4295	0.005135	896.465075
867.8314	0.004789	897.65669
868.7236	0.004637	898.41506
869.7236	0.004528	899.26506
870.7236	0.004481	900.11506
872.2374	0.004512	901.40179
873.0905	0.004575	902.126925
874.0905	0.004681	902.976925
875.0905	0.004811	903.826925
876.0905	0.004956	904.676925
877.0905	0.005105	905.526925
878.0905	0.005247	906.376925
879.0905	0.005376	907.226925
880.0905	0.005484	908.076925
881.0905	0.005566	908.926925
882.0905	0.00562	909.776925
883.2254	0.005649	910.74159
883.6541	0.005651	911.105985
884.8942	0.005642	912.16007
885.8942	0.005625	913.01007
886.8942	0.005613	913.86007
887.8942	0.00562	914.71007
888.8942	0.005662	915.56007
889.8942	0.005755	916.41007
890.8942	0.005915	917.26007
891.8942	0.006153	918.11007
892.8942	0.006479	918.96007
893.8942	0.006898	919.81007
894.8942	0.007408	920.66007
895.8942	0.008003	921.51007
896.8942	0.008669	922.36007
897.8942	0.009389	923.21007
898.8942	0.010137	924.06007
899.8942	0.010887	924.91007
900.8942	0.011606	925.76007
901.8942	0.012264	926.61007
902.8942	0.012829	927.46007
903.8942	0.013275	928.31007
904.8942	0.013579	929.16007
905.9887	0.013728	930.090395
906.9887	0.013687	930.940395
907.9887	0.013475	931.790395
909.2869	0.01296	932.893865
910.3538	0.012354	933.80073
911.3538	0.011664	934.65073
912.3538	0.010884	935.50073
913.3538	0.010044	936.35073
914.3538	0.009177	937.20073
915.3538	0.008317	938.05073
916.3538	0.007493	938.90073
917.3538	0.006733	939.75073
918.3538	0.006062	940.60073
919.3538	0.005499	941.45073
920.3538	0.005058	942.30073
921.3538	0.004749	943.15073
922.3538	0.004576	944.00073
923.3538	0.004538	944.85073
924.3538	0.004628	945.70073
925.3538	0.004837	946.55073
926.3538	0.005149	947.40073
927.3538	0.005546	948.25073
928.3538	0.006007	949.10073
929.3538	0.006508	949.95073
930.3538	0.007024	950.80073
931.3538	0.00753	951.65073
932.3538	0.008001	952.50073
933.3538	0.008415	953.35073
934.3538	0.00875	954.20073
936.1426	0.009109	955.72121
937.3872	0.00915	956.77912
938.3872	0.009055	957.62912
939.3872	0.00885	958.47912
940.3872	0.008543	959.32912
941.3872	0.008147	960.17912
942.3872	0.007677	961.02912
944.0122	0.006801	962.41037
944.8601	0.006313	963.131085
945.8601	0.005729	963.981085
946.8601	0.005152	964.831085
947.8601	0.004598	965.681085
948.8601	0.004081	966.531085
950.4964	0.003338	967.92194
951.4164	0.002987	968.70394
952.4164	0.002665	969.55394
953.4164	0.002407	970.40394
954.4164	0.002213	971.25394
955.4164	0.002082	972.10394
956.4164	0.002011	972.95394
957.4164	0.001995	973.80394
958.4164	0.002029	974.65394
959.4164	0.002107	975.50394
960.4164	0.002222	976.35394
961.4164	0.002365	977.20394
962.4164	0.002529	978.05394
963.4164	0.002704	978.90394
964.4164	0.00288	979.75394
965.4164	0.003049	980.60394
966.4164	0.003203	981.45394
967.4164	0.003333	982.30394
968.4164	0.003434	983.15394
970.2459	0.003527	984.709015
971.2459	0.003525	985.559015
972.2459	0.003485	986.409015
973.2459	0.00341	987.259015
974.2459	0.003305	988.109015
975.2459	0.003175	988.959015
976.2459	0.003026	989.809015
977.2459	0.002865	990.659015
978.2459	0.0027	991.509015
979.2459	0.002538	992.359015
980.2459	0.002386	993.209015
981.2459	0.002251	994.059015
982.2459	0.002138	994.909015
983.2459	0.002054	995.759015
984.2459	0.002003	996.609015
985.7477	0.002002	997.885545
986.6327	0.00205	998.637795
987.6327	0.002154	999.487795
988.6327	0.002315	1000.337795
989.6327	0.002538	1001.187795
990.6327	0.002829	1002.037795
991.9248	0.003311	1003.13608
992.4907	0.003561	1003.617095
993.4907	0.00406	1004.467095
994.4907	0.004633	1005.317095
995.4907	0.005274	1006.167095
996.4907	0.005977	1007.017095
997.4907	0.006732	1007.867095
998.4907	0.007524	1008.717095
999.4907	0.008341	1009.567095
1000.4907	0.009163	1010.417095
1001.4907	0.009974	1011.267095
1002.4907	0.010756	1012.117095
1004.199	0.011976	1013.56915
1004.8558	0.012394	1014.12743
1006.0507	0.013069	1015.143095
1007.0507	0.013541	1015.993095
1008.7178	0.014132	1017.41013
1009.3006	0.014281	1017.90551
1010.3006	0.014469	1018.75551
1011.3006	0.014575	1019.60551
1012.3006	0.014605	1020.45551
1013.3006	0.014564	1021.30551
1014.3006	0.014456	1022.15551
1015.3006	0.014283	1023.00551
1016.455	0.014006	1023.98675
1017.251	0.013766	1024.66335
1017.7172	0.013608	1025.05962
1018.7172	0.013221	1025.90962
1019.7172	0.012772	1026.75962
1021.1134	0.01204	1027.94639
1022.1134	0.011443	1028.79639
1023.1134	0.010792	1029.64639
1024.1134	0.010092	1030.49639
1025.1134	0.009353	1031.34639
1026.1134	0.008587	1032.19639
1027.8633	0.007216	1033.683805
1027.9734	0.00713	1033.77739
1028.9734	0.006356	1034.62739
1030.0085	0.005579	1035.507225
1030.1948	0.005443	1035.66558
1031.1948	0.004736	1036.51558
1032.1948	0.004076	1037.36558
1033.1948	0.003472	1038.21558
1034.1948	0.002929	1039.06558
1035.1948	0.002452	1039.91558
1036.1948	0.002041	1040.76558
1037.1948	0.001696	1041.61558
1038.1948	0.001418	1042.46558
1039.1948	0.001204	1043.31558
1040.1948	0.001051	1044.16558
1041.1948	9.56E-4	1045.01558
1042.1948	9.19E-4	1045.86558
1043.1948	9.35E-4	1046.71558
1044.1948	0.001002	1047.56558
1045.1948	0.001119	1048.41558
1046.1948	0.001282	1049.26558
1047.1948	0.001488	1050.11558
1048.1948	0.001735	1050.96558
1049.1948	0.002016	1051.81558
1050.1948	0.002327	1052.66558
1051.1948	0.002659	1053.51558
1052.1948	0.003004	1054.36558
1053.1948	0.003352	1055.21558
1054.1948	0.003693	1056.06558
1055.1948	0.004015	1056.91558
1056.1948	0.004306	1057.76558
1057.1948	0.004557	1058.61558
1058.7117	0.004839	1059.904945
1060.5394	0.004993	1061.45849
1061.0542	0.004997	1061.89607
1062.0542	0.004956	1062.74607
1063.0542	0.004853	1063.59607
1064.0542	0.004694	1064.44607
1065.0542	0.00449	1065.29607
1066.0542	0.004252	1066.14607
1067.0542	0.003994	1066.99607
1068.0542	0.003733	1067.84607
1069.0542	0.003487	1068.69607
1070.0542	0.003275	1069.54607
1072.0457	0.003032	1071.238845
1073.0457	0.003041	1072.088845
1074.0457	0.003166	1072.938845
1075.956	0.003799	1074.5626
1076.4741	0.004074	1075.002985
1077.4741	0.004743	1075.852985
1078.4741	0.005605	1076.702985
1079.4741	0.006671	1077.552985
1080.4741	0.007943	1078.402985
1081.4741	0.009418	1079.252985
1082.4741	0.011084	1080.102985
1083.4741	0.01292	1080.952985
1084.4741	0.014894	1081.802985
1085.4741	0.016964	1082.652985
1086.4741	0.019082	1083.502985
1087.4741	0.021188	1084.352985
1088.4741	0.02322	1085.202985
1089.4741	0.025112	1086.052985
1090.4741	0.0268	1086.902985
1091.4741	0.028225	1087.752985
1092.4741	0.029336	1088.602985
1093.4741	0.030093	1089.452985
1094.5198	0.030479	1090.34183
1095.5198	0.030451	1091.19183
1096.5198	0.030042	1092.04183
1097.5198	0.029274	1092.89183
1098.5198	0.028187	1093.74183
1099.5198	0.026828	1094.59183
1100.5198	0.025258	1095.44183
1101.5198	0.023539	1096.29183
1102.5198	0.021739	1097.14183
1103.5198	0.019923	1097.99183
1104.5198	0.018156	1098.84183
1105.5198	0.016494	1099.69183
1106.7641	0.014653	1100.749485
1106.9304	0.01443	1100.89084
1107.9304	0.013226	1101.74084
1109.6964	0.011744	1103.24194
1109.9421	0.011611	1103.450785
1110.9421	0.011264	1104.300785
1111.9421	0.011247	1105.150785
1112.9421	0.011572	1106.000785
1113.9421	0.01225	1106.850785
1114.9421	0.013283	1107.700785
1115.9421	0.014669	1108.550785
1116.9421	0.0164	1109.400785
1117.9421	0.01846	1110.250785
1118.9421	0.020826	1111.100785
1119.9421	0.023471	1111.950785
1120.9421	0.026357	1112.800785
1121.9421	0.029443	1113.650785
1122.9421	0.032682	1114.500785
1123.9421	0.036023	1115.350785
1124.9421	0.039413	1116.200785
1126.5353	0.044785	1117.555005
1127.9433	0.04936	1118.751805
1128.2364	0.050278	1119.00094
1129.2364	0.053298	1119.85094
1130.2364	0.056111	1120.70094
1132.1309	0.060737	1122.311265
1132.8523	0.062218	1122.924455
1134.0661	0.064317	1123.956185
1135.0661	0.065648	1124.806185
1137.0155	0.067115	1126.463175
1137.5274	0.067241	1126.89829
1138.8186	0.06706	1127.99581
1139.0277	0.066963	1128.173545
1140.0277	0.066237	1129.023545
1141.0277	0.065083	1129.873545
1142.0277	0.063513	1130.723545
1143.0277	0.061553	1131.573545
1144.0277	0.059236	1132.423545
1145.0277	0.056606	1133.273545
1146.475	0.05236	1134.50375
1147.475	0.049214	1135.35375
1148.475	0.045976	1136.20375
1149.475	0.042722	1137.05375
1150.475	0.039527	1137.90375
1151.475	0.036464	1138.75375
1152.475	0.033598	1139.60375
1153.475	0.030986	1140.45375
1154.475	0.028671	1141.30375
1155.475	0.026684	1142.15375
1156.475	0.025039	1143.00375
1157.475	0.023734	1143.85375
1158.7501	0.022536	1144.937585
1159.7501	0.02192	1145.787585
1160.7501	0.021539	1146.637585
1161.7501	0.021341	1147.487585
1162.7501	0.021267	1148.337585
1163.7501	0.021259	1149.187585
1165.4833	0.021248	1150.660805
1167.2857	0.021042	1152.192845
1167.4736	0.021002	1152.35256
1168.4736	0.02073	1153.20256
1169.4736	0.020351	1154.05256
1171.2032	0.019492	1155.52272
1171.4207	0.019371	1155.707595
1172.4207	0.018799	1156.557595
1173.4207	0.01823	1157.407595
1174.4207	0.017707	1158.257595
1175.4207	0.017272	1159.107595
1176.4207	0.016963	1159.957595
1177.4207	0.016808	1160.807595
1178.4207	0.016828	1161.657595
1179.4207	0.017031	1162.507595
1180.4207	0.017412	1163.357595
1181.4207	0.017953	1164.207595
1182.4207	0.018626	1165.057595
1183.4207	0.019392	1165.907595
1184.4207	0.020206	1166.757595
1185.4207	0.021019	1167.607595
1186.4207	0.021779	1168.457595
1188.1612	0.02284	1169.93702
1189.1198	0.023219	1170.75183
1189.8897	0.023396	1171.406245
1190.8897	0.023443	1172.256245
1191.8897	0.023278	1173.106245
1192.8897	0.022905	1173.956245
1193.8897	0.022343	1174.806245
1194.8897	0.021617	1175.656245
1196.4508	0.020243	1176.98318
1196.7376	0.019969	1177.22696
1198.3685	0.018368	1178.613225
1198.7636	0.017983	1178.94906
1199.7636	0.017046	1179.79906
1200.7636	0.016196	1180.64906
1202.733	0.014909	1182.32305
1203.733	0.014505	1183.17305
1204.733	0.014289	1184.02305
1205.733	0.014263	1184.87305
1206.733	0.014423	1185.72305
1207.733	0.01475	1186.57305
1208.733	0.015222	1187.42305
1209.733	0.015806	1188.27305
1210.733	0.016463	1189.12305
1211.733	0.017151	1189.97305
1212.733	0.017828	1190.82305
1214.6816	0.018951	1192.47936
1215.6816	0.019354	1193.32936
1216.6816	0.019599	1194.17936
1217.6816	0.019665	1195.02936
1218.6816	0.019543	1195.87936
1220.0543	0.019067	1197.046155
1221.0543	0.018508	1197.896155
1222.0543	0.017792	1198.746155
1223.0543	0.016946	1199.596155
1224.0543	0.016002	1200.446155
1225.0543	0.014994	1201.296155
1226.0543	0.013958	1202.146155
1227.0543	0.012928	1202.996155
1228.0543	0.011934	1203.846155
1229.0543	0.011004	1204.696155
1230.0543	0.01016	1205.546155
1231.0543	0.009418	1206.396155
1232.0543	0.008788	1207.246155
1233.0543	0.008279	1208.096155
1234.0543	0.007893	1208.946155
1235.0543	0.007631	1209.796155
1236.5856	0.007477	1211.09776
1237.6875	0.007556	1212.034375
1238.6875	0.007776	1212.884375
1239.6875	0.008151	1213.734375
1240.6875	0.008701	1214.584375
1241.6875	0.009452	1215.434375
1243.1139	0.010929	1216.646815
1244.1139	0.012297	1217.496815
1245.1139	0.013979	1218.346815
1246.1139	0.016007	1219.196815
1247.1139	0.018406	1220.046815
1248.1139	0.021192	1220.896815
1249.1139	0.024367	1221.746815
1250.1139	0.027914	1222.596815
1251.1139	0.031798	1223.446815
1252.1139	0.035961	1224.296815
1253.1139	0.040325	1225.146815
1254.3075	0.045654	1226.161375
1255.3075	0.050083	1227.011375
1256.3075	0.054337	1227.861375
1257.3075	0.05828	1228.711375
1258.3075	0.061775	1229.561375
1259.6892	0.065632	1230.73582
1261.5291	0.068605	1232.299735
1262.5291	0.069057	1233.149735
1263.5291	0.068664	1233.999735
1264.5319	0.06745	1234.852115
1265.5319	0.065484	1235.702115
1266.5319	0.062863	1236.552115
1267.5319	0.059718	1237.402115
1268.5319	0.056205	1238.252115
1269.5319	0.052497	1239.102115
1270.5319	0.04878	1239.952115
1271.5319	0.045243	1240.802115
1272.5319	0.042069	1241.652115
1273.5319	0.039431	1242.502115
1274.5319	0.037485	1243.352115
1275.5319	0.03636	1244.202115
1276.5319	0.03616	1245.052115
1277.5319	0.036953	1245.902115
1278.5319	0.038769	1246.752115
1279.5319	0.0416	1247.602115
1280.5319	0.045396	1248.452115
1281.5319	0.050061	1249.302115
1282.5319	0.055462	1250.152115
1283.5319	0.061425	1251.002115
1284.5319	0.067742	1251.852115
1285.5319	0.074179	1252.702115
1286.5319	0.080485	1253.552115
1287.5319	0.086405	1254.402115
1288.5319	0.09169	1255.252115
1289.5319	0.09611	1256.102115
1290.5319	0.09947	1256.952115
1291.8385	0.102017	1258.062725
1293.3359	0.102152	1259.335515
1294.3359	0.10057	1260.185515
1295.3359	0.097723	1261.035515
1296.3359	0.093736	1261.885515
1297.3359	0.088783	1262.735515
1298.3359	0.083074	1263.585515
1299.3359	0.076842	1264.435515
1300.3359	0.07033	1265.285515
1301.3359	0.06378	1266.135515
1302.3359	0.057417	1266.985515
1303.3359	0.051443	1267.835515
1304.3359	0.046024	1268.685515
1305.3359	0.041289	1269.535515
1306.3359	0.037327	1270.385515
1307.3359	0.034184	1271.235515
1308.3359	0.031866	1272.085515
1309.3359	0.030343	1272.935515
1310.3359	0.029553	1273.785515
1311.3359	0.029409	1274.635515
1312.3359	0.029802	1275.485515
1314.2157	0.03157	1277.083345
1314.6727	0.032127	1277.471795
1315.6727	0.033416	1278.321795
1317.6646	0.035896	1280.01491
1318.0734	0.036337	1280.36239
1319.0734	0.037261	1281.21239
1320.4912	0.038126	1282.41752
1321.5594	0.038411	1283.32549
1322.5594	0.038414	1284.17549
1323.5594	0.03821	1285.02549
1325.5427	0.037498	1286.711295
1325.9068	0.037368	1287.02078
1326.9068	0.037096	1287.87078
1327.9068	0.037034	1288.72078
1328.9068	0.037285	1289.57078
1329.9068	0.037942	1290.42078
1330.9068	0.039074	1291.27078
1331.9068	0.040725	1292.12078
1332.9068	0.042903	1292.97078
1333.9068	0.045583	1293.82078
1334.9068	0.048702	1294.67078
1335.9068	0.05216	1295.52078
1336.9068	0.05583	1296.37078
1337.9068	0.059557	1297.22078
1338.9068	0.063171	1298.07078
1339.9068	0.066497	1298.92078
1340.9068	0.069365	1299.77078
1341.9068	0.071619	1300.62078
1343.8484	0.073786	1302.27114
1344.8702	0.073599	1303.13967
1345.8702	0.072495	1303.98967
1346.8702	0.070506	1304.83967
1347.8702	0.067697	1305.68967
1348.8702	0.064171	1306.53967
1349.8702	0.060055	1307.38967
1350.8702	0.055495	1308.23967
1351.8702	0.050647	1309.08967
1352.8702	0.045665	1309.93967
1354.6895	0.036725	1311.486075
1355.6895	0.032098	1312.336075
1356.6895	0.027794	1313.186075
1357.6895	0.023878	1314.036075
1358.6895	0.020388	1314.886075
1359.6895	0.01734	1315.736075
1360.6895	0.014729	1316.586075
1361.6895	0.012533	1317.436075
1362.6895	0.010717	1318.286075
1363.6895	0.009238	1319.136075
1364.6895	0.00805	1319.986075
1365.6895	0.007103	1320.836075
1366.6895	0.006353	1321.686075
1367.6895	0.005757	1322.536075
1368.7275	0.005262	1323.418375
1369.7275	0.004875	1324.268375
1370.7275	0.004555	1325.118375
1371.7275	0.004287	1325.968375
1372.7275	0.004064	1326.818375
1373.7275	0.003885	1327.668375
1374.7275	0.003755	1328.518375
1375.7275	0.003683	1329.368375
1376.7275	0.00368	1330.218375
1377.7275	0.003763	1331.068375
1378.7275	0.003945	1331.918375
1379.7275	0.004243	1332.768375
1380.7275	0.004672	1333.618375
1381.7275	0.005242	1334.468375
1382.9641	0.006156	1335.519485
1383.9641	0.007069	1336.369485
1384.9641	0.008136	1337.219485
1385.9641	0.009348	1338.069485
1386.9641	0.010693	1338.919485
1387.9641	0.012152	1339.769485
1388.9641	0.013702	1340.619485
1389.9641	0.015316	1341.469485
1391.7592	0.018278	1342.99532
1391.8598	0.018444	1343.08083
1392.8598	0.020076	1343.93083
1394.6186	0.02282	1345.42581
1394.7768	0.023056	1345.56028
1396.5316	0.025529	1347.05186
1397.9607	0.027336	1348.266595
1398.9815	0.028519	1349.134275
1399.9815	0.0296	1349.984275
1400.9815	0.030616	1350.834275
1401.9815	0.031579	1351.684275
1402.9815	0.032498	1352.534275
1403.9815	0.033375	1353.384275
1404.9815	0.034207	1354.234275
1405.9815	0.034983	1355.084275
1406.9815	0.035684	1355.934275
1407.9815	0.036288	1356.784275
1408.9815	0.036764	1357.634275
1410.6431	0.037198	1359.046635
1411.4553	0.037219	1359.737005
1412.406	0.037068	1360.5451
1414.1803	0.03628	1362.053255
1415.5888	0.035232	1363.25048
1416.5888	0.034319	1364.10048
1417.5888	0.033325	1364.95048
1418.5888	0.032312	1365.80048
1420.3693	0.030676	1367.313905
1421.3693	0.02997	1368.163905
1422.3693	0.029493	1369.013905
1423.3693	0.029294	1369.863905
1424.3693	0.029405	1370.713905
1425.3693	0.029839	1371.563905
1426.3693	0.030593	1372.413905
1427.3693	0.031644	1373.263905
1428.3693	0.032956	1374.113905
1429.3693	0.034476	1374.963905
1430.3693	0.036148	1375.813905
1431.7553	0.038606	1376.992005
1432.7553	0.040407	1377.842005
1433.7553	0.042186	1378.692005
1434.7553	0.04392	1379.542005
1435.7553	0.045609	1380.392005
1437.5676	0.048646	1381.93246
1438.5676	0.050406	1382.78246
1439.5676	0.052326	1383.63246
1440.5676	0.054497	1384.48246
1441.5676	0.057013	1385.33246
1442.5676	0.059959	1386.18246
1443.5676	0.063405	1387.03246
1444.5676	0.06739	1387.88246
1445.5676	0.071915	1388.73246
1446.5676	0.076942	1389.58246
1447.5676	0.082385	1390.43246
1448.5676	0.088113	1391.28246
1449.5676	0.093955	1392.13246
1450.5676	0.099708	1392.98246
1451.5676	0.105151	1393.83246
1452.5676	0.110056	1394.68246
1453.5676	0.114205	1395.53246
1454.5676	0.11741	1396.38246
1456.0278	0.120096	1397.62363
1456.8099	0.120478	1398.288415
1457.8099	0.119871	1399.138415
1458.8099	0.118077	1399.988415
1459.8955	0.114904	1400.911175
1460.1924	0.113837	1401.16354
1461.1924	0.109716	1402.01354
1462.1924	0.104938	1402.86354
1463.1924	0.099733	1403.71354
1464.1924	0.094333	1404.56354
1465.1924	0.088965	1405.41354
1466.1924	0.083827	1406.26354
1467.1924	0.079088	1407.11354
1468.5177	0.073628	1408.240045
1469.736	0.069564	1409.2756
1470.6842	0.067059	1410.08157
1472.2128	0.064167	1411.38088
1473.1924	0.062972	1412.21354
1474.1924	0.062186	1413.06354
1475.1924	0.061749	1413.91354
1476.6537	0.061553	1415.155645
1477.6052	0.061613	1415.96442
1478.6067	0.061776	1416.815695
1479.5624	0.062004	1417.62804
1480.9189	0.062456	1418.781065
1481.9189	0.062929	1419.631065
1482.9189	0.063592	1420.481065
1483.9189	0.064533	1421.331065
1484.9189	0.065863	1422.181065
1485.9189	0.067702	1423.031065
1487.2242	0.071085	1424.14057
1488.2121	0.074541	1424.980285
1488.6192	0.076219	1425.32632
1489.6192	0.081024	1426.17632
1490.6192	0.086853	1427.02632
1491.6192	0.093744	1427.87632
1492.6192	0.101685	1428.72632
1493.6192	0.110611	1429.57632
1494.6192	0.120404	1430.42632
1495.6192	0.130889	1431.27632
1496.6192	0.141842	1432.12632
1497.6192	0.152998	1432.97632
1498.6192	0.164071	1433.82632
1499.6192	0.174764	1434.67632
1500.723	0.18579	1435.61455
1501.723	0.194808	1436.46455
1502.723	0.202707	1437.31455
1504.5611	0.213961	1438.876935
1505.5611	0.218293	1439.726935
1506.5611	0.22147	1440.576935
1507.5611	0.223658	1441.426935
1509.2565	0.225701	1442.868025
1510.2565	0.226307	1443.718025
1511.2565	0.226729	1444.568025
1512.2565	0.227134	1445.418025
1513.9437	0.228022	1446.852145
1514.9437	0.22867	1447.702145
1515.9437	0.229299	1448.552145
1516.9437	0.229745	1449.402145
1517.9437	0.229796	1450.252145
1519.6893	0.228258	1451.735905
1521.0925	0.224891	1452.928625
1522.1845	0.220686	1453.856825
1522.6174	0.218618	1454.22479
1523.6174	0.212987	1455.07479
1524.6174	0.206258	1455.92479
1525.6174	0.198621	1456.77479
1526.6174	0.190343	1457.62479
1527.6174	0.181747	1458.47479
1528.6174	0.173189	1459.32479
1529.6174	0.165028	1460.17479
1530.6174	0.157599	1461.02479
1531.6174	0.151184	1461.87479
1532.6174	0.145989	1462.72479
1533.6174	0.142128	1463.57479
1534.6174	0.139616	1464.42479
1535.6174	0.138364	1465.27479
1536.6174	0.138191	1466.12479
1537.6174	0.138836	1466.97479
1538.6174	0.139979	1467.82479
1539.6174	0.141267	1468.67479
1540.6174	0.142338	1469.52479
1541.6174	0.14285	1470.37479
1542.6174	0.142503	1471.22479
1543.7129	0.140859	1472.155965
1543.8184	0.140623	1472.24564
1544.8184	0.13766	1473.09564
1545.8184	0.133359	1473.94564
1546.8184	0.127745	1474.79564
1547.8184	0.120921	1475.64564
1548.8184	0.113056	1476.49564
1549.8184	0.104368	1477.34564
1550.8184	0.095109	1478.19564
1551.8184	0.085545	1479.04564
1552.8184	0.075937	1479.89564
1553.8184	0.066529	1480.74564
1554.8184	0.057533	1481.59564
1555.8184	0.049124	1482.44564
1556.8184	0.04143	1483.29564
1557.8184	0.034538	1484.14564
1558.8184	0.028492	1484.99564
1559.8184	0.023297	1485.84564
1560.8184	0.018927	1486.69564
1561.8184	0.01533	1487.54564
1562.8184	0.012439	1488.39564
1563.8184	0.010172	1489.24564
1564.8184	0.008444	1490.09564
1565.8184	0.007169	1490.94564
1566.8184	0.006263	1491.79564
1567.8184	0.005649	1492.64564
1568.8184	0.005256	1493.49564
1569.8184	0.005023	1494.34564
1570.8184	0.004897	1495.19564
1571.8184	0.004833	1496.04564
1572.8184	0.004797	1496.89564
1574.8069	0.004706	1498.585865
1575.8069	0.004618	1499.435865
1576.8069	0.00449	1500.285865
1577.8069	0.00432	1501.135865
1578.8069	0.004112	1501.985865
1579.8069	0.003873	1502.835865
1580.8069	0.003612	1503.685865
1581.8069	0.003343	1504.535865
1582.8069	0.003081	1505.385865
1583.8069	0.002846	1506.235865
1584.8069	0.002658	1507.085865
1585.8069	0.002541	1507.935865
1586.8069	0.002526	1508.785865
1587.8069	0.002646	1509.635865
1588.8069	0.002941	1510.485865
1589.8069	0.003461	1511.335865
1590.8069	0.004261	1512.185865
1591.8069	0.005407	1513.035865
1592.8069	0.006976	1513.885865
1593.8069	0.009049	1514.735865
1594.8069	0.011716	1515.585865
1595.8069	0.015068	1516.435865
1596.8069	0.019193	1517.285865
1597.8069	0.024173	1518.135865
1598.8069	0.030069	1518.985865
1599.8069	0.036919	1519.835865
1600.8069	0.044728	1520.685865
1601.8069	0.053457	1521.535865
1602.8069	0.063021	1522.385865
1603.8069	0.073281	1523.235865
1604.8069	0.084042	1524.085865
1605.8069	0.09506	1524.935865
1606.8069	0.106044	1525.785865
1607.8069	0.11667	1526.635865
1608.8069	0.126594	1527.485865
1609.8069	0.135471	1528.335865
1610.8069	0.142976	1529.185865
1611.8069	0.148819	1530.035865
1612.8069	0.152768	1530.885865
1614.1963	0.154826	1532.066855
1615.1963	0.153757	1532.916855
1616.1963	0.150592	1533.766855
1617.1963	0.145463	1534.616855
1618.1963	0.138573	1535.466855
1619.1963	0.130193	1536.316855
1620.1963	0.120636	1537.166855
1621.1963	0.110241	1538.016855
1622.1963	0.099356	1538.866855
1623.1963	0.088313	1539.716855
1624.1963	0.077419	1540.566855
1625.1963	0.066937	1541.416855
1626.1963	0.057081	1542.266855
1627.1963	0.048012	1543.116855
1628.1963	0.039839	1543.966855
1629.1963	0.032619	1544.816855
1630.1963	0.026365	1545.666855
1631.1963	0.021058	1546.516855
1632.1963	0.016649	1547.366855
1633.1963	0.013074	1548.216855
1634.1963	0.010264	1549.066855
1635.1963	0.008145	1549.916855
1636.1963	0.006657	1550.766855
1637.1963	0.005749	1551.616855
1638.1963	0.00539	1552.466855
1639.1963	0.005569	1553.316855
1640.1963	0.0063	1554.166855
1641.1963	0.007619	1555.016855
1642.1963	0.009585	1555.866855
1643.1963	0.012279	1556.716855
1644.1963	0.015801	1557.566855
1645.1963	0.020265	1558.416855
1646.1963	0.025795	1559.266855
1647.1963	0.032517	1560.116855
1648.1963	0.040551	1560.966855
1649.1963	0.050005	1561.816855
1650.1963	0.060964	1562.666855
1651.1963	0.073476	1563.516855
1652.1963	0.087552	1564.366855
1653.1963	0.10315	1565.216855
1654.1963	0.120171	1566.066855
1655.1963	0.138451	1566.916855
1656.3792	0.161389	1567.92232
1657.6612	0.187306	1569.01202
1657.739	0.188899	1569.07815
1658.739	0.209395	1569.92815
1659.7459	0.22978	1570.784015
1660.2947	0.240616	1571.250495
1661.2947	0.259545	1572.100495
1662.6413	0.282629	1573.245105
1662.973	0.287773	1573.52705
1663.973	0.301713	1574.37705
1664.973	0.312982	1575.22705
1665.973	0.321224	1576.07705
1666.973	0.326162	1576.92705
1667.973	0.327618	1577.77705
1668.973	0.325516	1578.62705
1670.6919	0.313762	1580.088115
1671.6919	0.30251	1580.938115
1672.6919	0.288402	1581.788115
1673.6919	0.271857	1582.638115
1675.5771	0.235798	1584.240535
1675.6905	0.233487	1584.336925
1677.5429	0.194784	1585.911465
1677.7193	0.191075	1586.061405
1678.7193	0.170289	1586.911405
1679.7193	0.150267	1587.761405
1680.7193	0.13146	1588.611405
1682.643	0.100077	1590.24655
1683.643	0.08682	1591.09655
1684.643	0.075942	1591.94655
1685.643	0.067593	1592.79655
1686.643	0.061873	1593.64655
1687.643	0.058841	1594.49655
1688.643	0.058516	1595.34655
1689.643	0.060878	1596.19655
1690.643	0.065869	1597.04655
1691.643	0.073386	1597.89655
1692.643	0.083275	1598.74655
1693.643	0.095323	1599.59655
1694.643	0.109251	1600.44655
1695.643	0.12471	1601.29655
1696.643	0.141279	1602.14655
1697.643	0.158472	1602.99655
1698.643	0.175744	1603.84655
1699.643	0.192513	1604.69655
1700.643	0.208179	1605.54655
1701.643	0.222155	1606.39655
1702.643	0.233893	1607.24655
1703.643	0.24292	1608.09655
1704.643	0.24886	1608.94655
1705.6647	0.251478	1609.814995
1706.1391	0.251469	1610.218235
1707.1391	0.248903	1611.068235
1708.1391	0.242981	1611.918235
1709.1391	0.23394	1612.768235
1710.1391	0.22214	1613.618235
1711.1391	0.208034	1614.468235
1712.1391	0.192145	1615.318235
1713.1391	0.175029	1616.168235
1714.1391	0.157244	1617.018235
1715.1391	0.139323	1617.868235
1716.1391	0.121746	1618.718235
1717.1391	0.104924	1619.568235
1718.1391	0.089182	1620.418235
1719.1391	0.074759	1621.268235
1720.1391	0.061806	1622.118235
1721.1391	0.050395	1622.968235
1722.1391	0.040525	1623.818235
1723.1391	0.03214	1624.668235
1724.1391	0.025139	1625.518235
1725.1391	0.019393	1626.368235
1726.1391	0.014754	1627.218235
1727.1391	0.011071	1628.068235
1728.1391	0.008193	1628.918235
1729.1391	0.005979	1629.768235
1730.1391	0.004304	1630.618235
1731.1391	0.003055	1631.468235
1732.1391	0.002139	1632.318235
1733.1391	0.001477	1633.168235
1734.1391	0.001006	1634.018235
1735.1391	6.76E-4	1634.868235
1736.1391	4.47E-4	1635.718235
1737.1391	2.92E-4	1636.568235
1738.1391	1.88E-4	1637.418235
1739.1391	1.2E-4	1638.268235
1740.1391	7.5E-5	1639.118235
1741.1391	4.6E-5	1639.968235
1742.1391	2.8E-5	1640.818235
1743.1391	1.7E-5	1641.668235
1744.1391	1E-5	1642.518235
1745.1391	6E-6	1643.368235
1746.1391	3E-6	1644.218235
1747.1391	2E-6	1645.068235
1748.1391	1E-6	1645.918235
1749.1391	1E-6	1646.768235
1750.1391	0	1647.618235
1751.1391	0	1648.468235
1752.1391	0	1649.318235
1753.1391	0	1650.168235
1754.1391	0	1651.018235
1755.1391	0	1651.868235
1756.1391	0	1652.718235
1767.1391	0	1662.068235
1780.3391	0	1673.288235
1796.1791	0	1686.752235
1815.1871	0	1702.909035
1837.9967	0	1722.297195
1865.36822	0	1745.562987
1898.214044	0	1773.4819374
1924.715915	0	1796.00852775
1945.917412	0	1814.0298002
1962.87861	0	1828.4468185
1976.447568	0	1839.9804328
1977.447568	0	1840.8304328
1978.447568	0	1841.6804328
1979.447568	0	1842.5304328
1980.447568	0	1843.3804328
1981.447568	1E-6	1844.2304328
1982.447568	1E-6	1845.0804328
1983.447568	2E-6	1845.9304328
1984.447568	3E-6	1846.7804328
1985.447568	5E-6	1847.6304328
1986.447568	1E-5	1848.4804328
1987.447568	1.6E-5	1849.3304328
1988.447568	2.8E-5	1850.1804328
1989.447568	4.7E-5	1851.0304328
1990.447568	7.8E-5	1851.8804328
1991.447568	1.27E-4	1852.7304328
1992.447568	2.05E-4	1853.5804328
1993.447568	3.27E-4	1854.4304328
1994.447568	5.13E-4	1855.2804328
1995.447568	7.96E-4	1856.1304328
1996.447568	0.001217	1856.9804328
1997.447568	0.001836	1857.8304328
1998.447568	0.002735	1858.6804328
1999.447568	0.00402	1859.5304328
2000.447568	0.005831	1860.3804328
2001.447568	0.008348	1861.2304328
2002.447568	0.011796	1862.0804328
2003.447568	0.016452	1862.9304328
2004.447568	0.022646	1863.7804328
2005.447568	0.030769	1864.6304328
2006.447568	0.041264	1865.4804328
2007.447568	0.054623	1866.3304328
2008.447568	0.071375	1867.1804328
2009.447568	0.092062	1868.0304328
2010.447568	0.117218	1868.8804328
2011.447568	0.147329	1869.7304328
2012.447568	0.182797	1870.5804328
2013.447568	0.223896	1871.4304328
2014.447568	0.270721	1872.2804328
2015.447568	0.323146	1873.1304328
2016.447568	0.380788	1873.9804328
2017.447568	0.442973	1874.8304328
2018.447568	0.508722	1875.6804328
2019.447568	0.576761	1876.5304328
2020.447568	0.645538	1877.3804328
2021.447568	0.713277	1878.2304328
2022.447568	0.778043	1879.0804328
2023.447568	0.837828	1879.9304328
2024.447568	0.890653	1880.7804328
2025.7234	0.945048	1881.86489
2026.7234	0.975555	1882.71489
2027.7234	0.994114	1883.56489
2028.7234	1	1884.41489
2030.2738	0.983662	1885.73273
2031.2738	0.957286	1886.58273
2032.2738	0.91958	1887.43273
2033.2738	0.871926	1888.28273
2034.2738	0.816025	1889.13273
2035.2738	0.753791	1889.98273
2036.2738	0.687247	1890.83273
2037.2738	0.618412	1891.68273
2038.2738	0.549208	1892.53273
2039.2738	0.48137	1893.38273
2040.2738	0.416383	1894.23273
2041.2738	0.355443	1895.08273
2042.2738	0.299432	1895.93273
2043.2738	0.248925	1896.78273
2044.2738	0.204207	1897.63273
2045.2738	0.165307	1898.48273
2046.2738	0.132046	1899.33273
2047.2738	0.104078	1900.18273
2048.2738	0.080943	1901.03273
2049.2738	0.062114	1901.88273
2050.2738	0.047029	1902.73273
2051.2738	0.035133	1903.58273
2052.2738	0.025895	1904.43273
2053.2738	0.01883	1905.28273
2054.2738	0.013509	1906.13273
2055.2738	0.009562	1906.98273
2056.2738	0.006677	1907.83273
2057.2738	0.0046	1908.68273
2058.2738	0.003126	1909.53273
2059.2738	0.002096	1910.38273
2060.2738	0.001386	1911.23273
2061.2738	9.04E-4	1912.08273
2062.2738	5.82E-4	1912.93273
2063.2738	3.7E-4	1913.78273
2064.2738	2.31E-4	1914.63273
2065.2738	1.43E-4	1915.48273
2066.2738	8.7E-5	1916.33273
2067.2738	5.3E-5	1917.18273
2068.2738	3.1E-5	1918.03273
2069.2738	1.9E-5	1918.88273
2070.2738	1.1E-5	1919.73273
2071.2738	7E-6	1920.58273
2072.2738	6E-6	1921.43273
2073.2738	6E-6	1922.28273
2074.2738	8E-6	1923.13273
2075.2738	1.3E-5	1923.98273
2076.2738	2E-5	1924.83273
2077.2738	3.3E-5	1925.68273
2078.2738	5.3E-5	1926.53273
2079.2738	8.5E-5	1927.38273
2080.2738	1.33E-4	1928.23273
2081.2738	2.06E-4	1929.08273
2082.2738	3.15E-4	1929.93273
2083.2738	4.75E-4	1930.78273
2084.2738	7.06E-4	1931.63273
2085.2738	0.001035	1932.48273
2086.2738	0.001497	1933.33273
2087.2738	0.002135	1934.18273
2088.2738	0.003004	1935.03273
2089.2738	0.004167	1935.88273
2090.2738	0.005702	1936.73273
2091.2738	0.007695	1937.58273
2092.2738	0.010241	1938.43273
2093.2738	0.013442	1939.28273
2094.2738	0.0174	1940.13273
2095.2738	0.022214	1940.98273
2096.2738	0.027969	1941.83273
2097.2738	0.034731	1942.68273
2098.2738	0.042534	1943.53273
2099.2738	0.051373	1944.38273
2100.2738	0.061194	1945.23273
2101.2738	0.071888	1946.08273
2102.2738	0.08329	1946.93273
2103.2738	0.095171	1947.78273
2104.2738	0.10725	1948.63273
2105.2738	0.119198	1949.48273
2106.2738	0.130653	1950.33273
2107.2738	0.141238	1951.18273
2108.2738	0.150578	1952.03273
2109.2738	0.158325	1952.88273
2110.2738	0.164179	1953.73273
2111.2738	0.167906	1954.58273
2112.3929	0.16937	1955.533965
2113.3929	0.1682	1956.383965
2114.3929	0.164738	1957.233965
2115.3929	0.159127	1958.083965
2116.3929	0.15159	1958.933965
2117.3929	0.142422	1959.783965
2118.3929	0.131967	1960.633965
2119.3929	0.120596	1961.483965
2120.3929	0.108687	1962.333965
2121.3929	0.096605	1963.183965
2122.3929	0.084685	1964.033965
2123.3929	0.073213	1964.883965
2124.3929	0.062424	1965.733965
2125.3929	0.052492	1966.583965
2126.3929	0.043533	1967.433965
2127.3929	0.035606	1968.283965
2128.3929	0.028721	1969.133965
2129.3929	0.022849	1969.983965
2130.3929	0.017927	1970.833965
2131.3929	0.013871	1971.683965
2132.3929	0.010586	1972.533965
2133.3929	0.007967	1973.383965
2134.3929	0.005914	1974.233965
2135.3929	0.004329	1975.083965
2136.3929	0.003125	1975.933965
2137.3929	0.002225	1976.783965
2138.3929	0.001563	1977.633965
2139.3929	0.001082	1978.483965
2140.3929	7.39E-4	1979.333965
2141.3929	4.98E-4	1980.183965
2142.3929	3.31E-4	1981.033965
2143.3929	2.17E-4	1981.883965
2144.3929	1.4E-4	1982.733965
2145.3929	8.9E-5	1983.583965
2146.3929	5.6E-5	1984.433965
2147.3929	3.5E-5	1985.283965
2148.3929	2.1E-5	1986.133965
2149.3929	1.3E-5	1986.983965
2150.3929	8E-6	1987.833965
2151.3929	4E-6	1988.683965
2152.3929	3E-6	1989.533965
2153.3929	1E-6	1990.383965
2154.3929	1E-6	1991.233965
2155.3929	0	1992.083965
2156.3929	0	1992.933965
2157.3929	0	1993.783965
2158.3929	0	1994.633965
2159.3929	0	1995.483965
2160.3929	0	1996.333965
2161.3929	0	1997.183965
2162.3929	0	1998.033965
2173.3929	0	2007.383965
2186.5929	0	2018.603965
2202.4329	0	2032.067965
2221.4409	0	2048.224765
2244.2505	0	2067.612925
2266.97974	0	2086.932779
2285.163132	0	2102.3886622
2299.709846	0	2114.7533691
2311.347216	0	2124.6451336
2312.347216	0	2125.4951336
2313.347216	0	2126.3451336
2314.347216	0	2127.1951336
2315.347216	1E-6	2128.0451336
2316.347216	1E-6	2128.8951336
2317.347216	2E-6	2129.7451336
2318.347216	3E-6	2130.5951336
2319.347216	5E-6	2131.4451336
2320.347216	8E-6	2132.2951336
2321.347216	1.2E-5	2133.1451336
2322.347216	1.9E-5	2133.9951336
2323.347216	2.9E-5	2134.8451336
2324.347216	4.3E-5	2135.6951336
2325.347216	6.3E-5	2136.5451336
2326.347216	9.2E-5	2137.3951336
2327.347216	1.32E-4	2138.2451336
2328.347216	1.87E-4	2139.0951336
2329.347216	2.61E-4	2139.9451336
2330.347216	3.59E-4	2140.7951336
2331.347216	4.87E-4	2141.6451336
2332.347216	6.53E-4	2142.4951336
2333.347216	8.62E-4	2143.3451336
2334.347216	0.001122	2144.1951336
2335.347216	0.001441	2145.0451336
2336.347216	0.001825	2145.8951336
2337.347216	0.00228	2146.7451336
2338.347216	0.002809	2147.5951336
2339.347216	0.003413	2148.4451336
2340.347216	0.00409	2149.2951336
2341.347216	0.004834	2150.1451336
2342.347216	0.005634	2150.9951336
2343.347216	0.006476	2151.8451336
2344.347216	0.007342	2152.6951336
2345.347216	0.008208	2153.5451336
2346.347216	0.009051	2154.3951336
2347.347216	0.009843	2155.2451336
2348.347216	0.010557	2156.0951336
2349.347216	0.011166	2156.9451336
2350.347216	0.011648	2157.7951336
2351.347216	0.011984	2158.6451336
2352.8967	0.012185	2159.962195
2353.8967	0.012101	2160.812195
2354.8967	0.011852	2161.662195
2355.8967	0.011448	2162.512195
2356.8967	0.010906	2163.362195
2357.8967	0.010246	2164.212195
2358.8967	0.009494	2165.062195
2359.8967	0.008676	2165.912195
2360.8967	0.007819	2166.762195
2361.8967	0.00695	2167.612195
2362.8967	0.006093	2168.462195
2363.8967	0.005267	2169.312195
2364.8967	0.004491	2170.162195
2365.8967	0.003777	2171.012195
2366.8967	0.003132	2171.862195
2367.8967	0.002562	2172.712195
2368.8967	0.002066	2173.562195
2369.8967	0.001644	2174.412195
2370.8967	0.00129	2175.262195
2371.8967	9.98E-4	2176.112195
2372.8967	7.62E-4	2176.962195
2373.8967	5.73E-4	2177.812195
2374.8967	4.25E-4	2178.662195
2375.8967	3.11E-4	2179.512195
2376.8967	2.25E-4	2180.362195
2377.8967	1.6E-4	2181.212195
2378.8967	1.12E-4	2182.062195
2379.8967	7.8E-5	2182.912195
2380.8967	5.3E-5	2183.762195
2381.8967	3.6E-5	2184.612195
2382.8967	2.4E-5	2185.462195
2383.8967	1.6E-5	2186.312195
2384.8967	1E-5	2187.162195
2385.8967	6E-6	2188.012195
2386.8967	4E-6	2188.862195
2387.8967	3E-6	2189.712195
2388.8967	2E-6	2190.562195
2389.8967	1E-6	2191.412195
2390.8967	1E-6	2192.262195
2391.8967	0	2193.112195
2392.8967	0	2193.962195
2393.8967	0	2194.812195
2394.8967	0	2195.662195
2395.8967	0	2196.512195
2396.8967	0	2197.362195
2397.8967	0	2198.212195
2398.8967	0	2199.062195
2399.8967	0	2199.912195
2400.8967	0	2200.762195
2401.8967	0	2201.612195
2402.8967	0	2202.462195
2413.8967	0	2211.812195
2427.0967	0	2223.032195
2442.9367	0	2236.496195
2461.9447	0	2252.652995
2484.7543	0	2272.041155
2512.12582	0	2295.306947
2544.971644	0	2323.2258974
2584.386633	0	2356.72863805
2631.684619	0	2396.93192615
2688.442203	0	2445.17587255
2756.551304	0	2503.0686084
2813.639483	0	2551.59356055
2859.310027	0	2590.41352295
2895.846461	0	2621.46949185
2925.075609	0	2646.31426765
2948.458927	0	2666.19008795
2967.165582	0	2682.0907447
2982.130905	0	2694.81126925
2994.103164	0	2704.9876894
2995.103164	0	2705.8376894
2996.103164	0	2706.6876894
2997.103164	0	2707.5376894
2998.103164	1E-6	2708.3876894
2999.103164	1E-6	2709.2376894
3000.103164	2E-6	2710.0876894
3001.103164	4E-6	2710.9376894
3002.103164	6E-6	2711.7876894
3003.103164	1E-5	2712.6376894
3004.103164	1.6E-5	2713.4876894
3005.103164	2.5E-5	2714.3376894
3006.103164	3.8E-5	2715.1876894
3007.103164	5.8E-5	2716.0376894
3008.103164	8.8E-5	2716.8876894
3009.103164	1.3E-4	2717.7376894
3010.103164	1.91E-4	2718.5876894
3011.103164	2.75E-4	2719.4376894
3012.103164	3.92E-4	2720.2876894
3013.103164	5.5E-4	2721.1376894
3014.103164	7.63E-4	2721.9876894
3015.103164	0.001042	2722.8376894
3016.103164	0.001405	2723.6876894
3017.103164	0.001869	2724.5376894
3018.103164	0.002452	2725.3876894
3019.103164	0.003174	2726.2376894
3020.103164	0.004053	2727.0876894
3021.103164	0.005107	2727.9376894
3022.103164	0.006351	2728.7876894
3023.103164	0.007793	2729.6376894
3024.103164	0.00944	2730.4876894
3025.103164	0.011288	2731.3376894
3026.103164	0.013328	2732.1876894
3027.103164	0.015542	2733.0376894
3028.103164	0.017904	2733.8876894
3029.103164	0.020381	2734.7376894
3030.103164	0.022933	2735.5876894
3031.103164	0.025518	2736.4376894
3032.103164	0.028093	2737.2876894
3033.103164	0.030612	2738.1376894
3034.103164	0.033035	2738.9876894
3035.103164	0.035327	2739.8376894
3036.9922	0.039199	2741.44337
3037.1615	0.039513	2741.587275
3038.1615	0.041251	2742.437275
3039.1615	0.042781	2743.287275
3040.1615	0.044097	2744.137275
3041.1615	0.045197	2744.987275
3042.1615	0.046076	2745.837275
3043.1615	0.046731	2746.687275
3044.1615	0.047153	2747.537275
3045.1615	0.047331	2748.387275
3046.1615	0.04725	2749.237275
3047.1615	0.046896	2750.087275
3048.1615	0.046254	2750.937275
3049.1615	0.045314	2751.787275
3050.4206	0.043698	2752.85751
3050.7122	0.043256	2753.10537
3051.7122	0.041555	2753.95537
3052.7122	0.039585	2754.80537
3053.7122	0.03738	2755.65537
3054.7122	0.034988	2756.50537
3055.7122	0.032466	2757.35537
3056.7122	0.029879	2758.20537
3057.7122	0.027298	2759.05537
3058.7122	0.024799	2759.90537
3059.7122	0.022453	2760.75537
3060.7122	0.020329	2761.60537
3061.7122	0.018493	2762.45537
3062.7122	0.016998	2763.30537
3063.7122	0.015893	2764.15537
3064.7122	0.015213	2765.00537
3065.7122	0.014984	2765.85537
3066.7122	0.015222	2766.70537
3067.7122	0.015932	2767.55537
3068.7122	0.017106	2768.40537
3069.7122	0.018725	2769.25537
3070.7122	0.020757	2770.10537
3071.9387	0.023748	2771.147895
3073.0394	0.026812	2772.08349
3074.0394	0.029822	2772.93349
3075.0394	0.032955	2773.78349
3076.0394	0.036113	2774.63349
3077.0394	0.039188	2775.48349
3078.0394	0.042071	2776.33349
3079.0394	0.044652	2777.18349
3080.0394	0.046829	2778.03349
3081.0394	0.048511	2778.88349
3082.0394	0.049625	2779.73349
3083.1116	0.05013	2780.64486
3084.357	0.04978	2781.70345
3085.357	0.048778	2782.55345
3086.357	0.047168	2783.40345
3087.357	0.04501	2784.25345
3088.357	0.042382	2785.10345
3089.357	0.03938	2785.95345
3090.357	0.036107	2786.80345
3091.357	0.032672	2787.65345
3092.357	0.029181	2788.50345
3093.357	0.025735	2789.35345
3094.357	0.022421	2790.20345
3095.357	0.019315	2791.05345
3096.357	0.016474	2791.90345
3097.357	0.013941	2792.75345
3098.357	0.011745	2793.60345
3099.357	0.009896	2794.45345
3100.357	0.008397	2795.30345
3101.357	0.007237	2796.15345
3102.357	0.006399	2797.00345
3103.357	0.005859	2797.85345
3104.357	0.005589	2798.70345
3105.357	0.005558	2799.55345
3106.357	0.005733	2800.40345
3107.357	0.00608	2801.25345
3108.357	0.006564	2802.10345
3109.357	0.007148	2802.95345
3110.357	0.007799	2803.80345
3111.357	0.00848	2804.65345
3112.357	0.009159	2805.50345
3113.6468	0.009984	2806.59978
3115.1514	0.010806	2807.87869
3116.1514	0.011239	2808.72869
3117.1514	0.011571	2809.57869
3118.1864	0.011807	2810.45844
3118.1875	0.011808	2810.459375
3119.1875	0.01194	2811.309375
3120.1875	0.011997	2812.159375
3121.1875	0.012005	2813.009375
3122.1875	0.011998	2813.859375
3123.1875	0.012018	2814.709375
3124.1875	0.012111	2815.559375
3125.1875	0.012325	2816.409375
3126.1875	0.012708	2817.259375
3127.1875	0.013304	2818.109375
3128.6222	0.014608	2819.32887
3129.4831	0.015673	2820.060635
3130.4831	0.017192	2820.910635
3131.4831	0.019012	2821.760635
3132.4831	0.02112	2822.610635
3133.4831	0.023483	2823.460635
3134.4831	0.026056	2824.310635
3135.4831	0.028781	2825.160635
3136.4831	0.031588	2826.010635
3137.4831	0.034401	2826.860635
3138.4831	0.037142	2827.710635
3139.4831	0.039732	2828.560635
3140.4831	0.042098	2829.410635
3141.4831	0.044178	2830.260635
3142.7305	0.046295	2831.320925
3143.893	0.047736	2832.30905
3144.893	0.048543	2833.15905
3145.893	0.048949	2834.00905
3146.893	0.048965	2834.85905
3147.893	0.048613	2835.70905
3148.893	0.04792	2836.55905
3149.893	0.046921	2837.40905
3150.893	0.045648	2838.25905
3151.893	0.044136	2839.10905
3152.893	0.042417	2839.95905
3153.893	0.040518	2840.80905
3155.8767	0.036324	2842.495195
3156.0357	0.035968	2842.630345
3157.0357	0.033672	2843.480345
3158.0357	0.031299	2844.330345
3159.0357	0.028875	2845.180345
3160.0357	0.026426	2846.030345
3161.0357	0.023982	2846.880345
3162.0357	0.021573	2847.730345
3163.0357	0.019229	2848.580345
3164.0357	0.01698	2849.430345
3165.0357	0.014854	2850.280345
3166.0357	0.012877	2851.130345
3167.0357	0.011068	2851.980345
3168.0357	0.009442	2852.830345
3169.0357	0.008009	2853.680345
3170.0357	0.006772	2854.530345
3171.0357	0.005729	2855.380345
3172.0357	0.004872	2856.230345
3173.0357	0.004191	2857.080345
3174.0357	0.003669	2857.930345
3175.0357	0.003289	2858.780345
3176.0357	0.003032	2859.630345
3177.0357	0.002878	2860.480345
3178.0357	0.002807	2861.330345
3179.0357	0.0028	2862.180345
3180.0357	0.00284	2863.030345
3181.0357	0.002909	2863.880345
3182.0357	0.002996	2864.730345
3183.0357	0.003089	2865.580345
3184.0357	0.003179	2866.430345
3185.1701	0.003272	2867.394585
3185.2819	0.003281	2867.489615
3186.2819	0.003351	2868.339615
3187.2819	0.003412	2869.189615
3188.2819	0.003468	2870.039615
3189.2819	0.003525	2870.889615
3190.2819	0.003592	2871.739615
3191.2819	0.003681	2872.589615
3192.2819	0.003802	2873.439615
3193.2819	0.003969	2874.289615
3194.2819	0.004196	2875.139615
3195.2819	0.004497	2875.989615
3196.5511	0.005005	2877.068435
3197.4912	0.005485	2877.86752
3198.4912	0.006102	2878.71752
3199.4912	0.006836	2879.56752
3200.4912	0.007689	2880.41752
3201.4912	0.008662	2881.26752
3202.4912	0.009749	2882.11752
3203.5982	0.011077	2883.05847
3203.6524	0.011145	2883.10454
3204.6524	0.012448	2883.95454
3206.6132	0.01521	2885.62122
3206.706	0.015346	2885.7001
3207.706	0.016828	2886.5501
3208.706	0.018331	2887.4001
3209.706	0.019839	2888.2501
3210.706	0.021337	2889.1001
3211.7214	0.022836	2889.96319
3212.5647	0.024059	2890.679995
3213.2442	0.025029	2891.25757
3214.2442	0.02643	2892.10757
3215.2442	0.027801	2892.95757
3216.2442	0.029144	2893.80757
3217.3211	0.030564	2894.722935
3218.8665	0.032553	2896.036525
3219.058	0.032794	2896.1993
3220.058	0.034034	2897.0493
3221.058	0.035225	2897.8993
3222.058	0.036346	2898.7493
3223.058	0.037369	2899.5993
3225.0244	0.038955	2901.27074
3225.0481	0.03897	2901.290885
3226.0481	0.039479	2902.140885
3227.2037	0.039755	2903.123145
3227.264	0.03976	2903.1744
3228.264	0.039671	2904.0244
3229.264	0.039268	2904.8744
3231.0174	0.037767	2906.36479
3232.8377	0.03517	2907.912045
3232.9003	0.035063	2907.965255
3233.9003	0.033224	2908.815255
3234.9003	0.03116	2909.665255
3235.9003	0.028926	2910.515255
3236.9003	0.026583	2911.365255
3237.9003	0.024195	2912.215255
3238.9003	0.021827	2913.065255
3239.9003	0.01954	2913.915255
3240.9003	0.017389	2914.765255
3241.9003	0.015424	2915.615255
3242.9003	0.013681	2916.465255
3243.9003	0.012189	2917.315255
3244.9003	0.010965	2918.165255
3245.9003	0.010015	2919.015255
3246.9003	0.009333	2919.865255
3247.9003	0.008906	2920.715255
3248.9003	0.008711	2921.565255
3249.9003	0.008719	2922.415255
3250.9003	0.008893	2923.265255
3251.9003	0.009195	2924.115255
3252.9003	0.009584	2924.965255
3253.9003	0.010017	2925.815255
3254.9003	0.010454	2926.665255
3255.9003	0.010856	2927.515255
3256.9003	0.011191	2928.365255
3257.9285	0.011434	2929.239225
3259.0676	0.011558	2930.20746
3260.6869	0.011435	2931.583865
3261.5647	0.011216	2932.329995
3261.9202	0.011098	2932.63217
3262.9202	0.01068	2933.48217
3263.9202	0.010147	2934.33217
3264.9202	0.009516	2935.18217
3265.9202	0.008811	2936.03217
3266.9202	0.008055	2936.88217
3267.9202	0.007272	2937.73217
3268.9202	0.006485	2938.58217
3269.9202	0.005716	2939.43217
3270.9202	0.004982	2940.28217
3271.9202	0.004299	2941.13217
3272.9202	0.003677	2941.98217
3273.9202	0.003122	2942.83217
3274.9202	0.002638	2943.68217
3275.9202	0.002224	2944.53217
3276.9202	0.001878	2945.38217
3277.9202	0.001593	2946.23217
3278.9202	0.001364	2947.08217
3279.9202	0.001183	2947.93217
3280.9202	0.001042	2948.78217
3281.9202	9.32E-4	2949.63217
3282.9202	8.48E-4	2950.48217
3284.7078	7.39E-4	2952.00163
3285.5348	7E-4	2952.70458
3286.5348	6.57E-4	2953.55458
3287.5348	6.17E-4	2954.40458
3288.5348	5.78E-4	2955.25458
3289.5348	5.38E-4	2956.10458
3290.5348	4.96E-4	2956.95458
3291.5348	4.54E-4	2957.80458
3292.5348	4.11E-4	2958.65458
3293.5348	3.67E-4	2959.50458
3294.5348	3.24E-4	2960.35458
3295.5348	2.83E-4	2961.20458
3296.5348	2.44E-4	2962.05458
3297.5348	2.07E-4	2962.90458
3298.5348	1.73E-4	2963.75458
3299.5348	1.43E-4	2964.60458
3300.5348	1.17E-4	2965.45458
3301.5348	9.4E-5	2966.30458
3302.5348	7.5E-5	2967.15458
3303.5348	5.8E-5	2968.00458
3304.5348	4.5E-5	2968.85458
3305.5348	3.4E-5	2969.70458
3306.5348	2.6E-5	2970.55458
3307.5348	1.9E-5	2971.40458
3308.5348	1.4E-5	2972.25458
3309.5348	1E-5	2973.10458
3310.5348	7E-6	2973.95458
3311.5348	5E-6	2974.80458
3312.5348	3E-6	2975.65458
3313.5348	2E-6	2976.50458
3314.5348	2E-6	2977.35458
3315.5348	1E-6	2978.20458
3316.5348	1E-6	2979.05458
3317.5348	0	2979.90458
3318.5348	0	2980.75458
3319.5348	0	2981.60458
3320.5348	0	2982.45458
3321.5348	0	2983.30458
3322.5348	0	2984.15458
3323.5348	0	2985.00458
3324.5348	0	2985.85458
3325.5348	0	2986.70458
3326.5348	0	2987.55458
3327.5348	0	2988.40458
3328.5348	0	2989.25458
3329.5348	0	2990.10458
3330.5348	0	2990.95458
3331.5348	0	2991.80458
3332.5348	0	2992.65458
3333.5348	0	2993.50458
3334.5348	0	2994.35458
3335.5348	0	2995.20458
3346.5348	0	3004.55458
3359.7348	0	3015.77458
3375.5748	0	3029.23858
3394.5828	0	3045.39538
3417.3924	0	3064.78354
3444.76392	0	3088.049332
3477.609744	0	3115.9682824
3517.024733	0	3149.47102305
3564.322719	0	3189.67431115
