0	4E-6	20
0.7	5E-6	20.665
1.4	6E-6	21.33
2.1	6E-6	21.995
2.8	7E-6	22.66
3.5	7E-6	23.325
4.3995	8E-6	24.179525
5.2817	9E-6	25.017615
5.9817	1E-5	25.682615
6.6817	1E-5	26.347615
7.3817	1.1E-5	27.012615
8.0817	1.2E-5	27.677615
8.7817	1.4E-5	28.342615
9.4817	1.5E-5	29.007615
10.1817	1.8E-5	29.672615
10.8817	2E-5	30.337615
11.5817	2.4E-5	31.002615
12.2817	2.8E-5	31.667615
13.1071	3.4E-5	32.451745
13.8071	4.2E-5	33.116745
14.5071	5.1E-5	33.781745
15.2071	6.2E-5	34.446745
16.5968	9.3E-5	35.76696
17.2968	1.14E-4	36.43196
17.9968	1.38E-4	37.09696
18.8614	1.74E-4	37.91833
19.5614	2.08E-4	38.58333
20.2614	2.46E-4	39.24833
20.9614	2.88E-4	39.91333
21.6614	3.34E-4	40.57833
22.3614	3.83E-4	41.24333
23.0614	4.33E-4	41.90833
23.7614	4.85E-4	42.57333
24.4614	5.36E-4	43.23833
25.1614	5.86E-4	43.90333
25.8614	6.32E-4	44.56833
26.5614	6.74E-4	45.23333
27.2614	7.11E-4	45.89833
28.1365	7.48E-4	46.729675
28.8493	7.69E-4	47.406835
29.5493	7.83E-4	48.071835
30.2493	7.89E-4	48.736835
30.9493	7.87E-4	49.401835
31.9096	7.75E-4	50.31412
32.6096	7.6E-4	50.97912
33.9129	7.22E-4	52.217255
34.6129	6.99E-4	52.882255
35.3129	6.75E-4	53.547255
36.5687	6.33E-4	54.740265
37.2687	6.12E-4	55.405265
37.9687	5.92E-4	56.070265
38.6687	5.74E-4	56.735265
39.3687	5.57E-4	57.400265
40.0687	5.41E-4	58.065265
41.1221	5.18E-4	59.065995
41.988	5E-4	59.8886
42.688	4.85E-4	60.5536
43.4606	4.67E-4	61.28757
44.2971	4.47E-4	62.082245
44.9971	4.31E-4	62.747245
45.6971	4.14E-4	63.412245
46.3971	3.99E-4	64.077245
47.6443	3.75E-4	65.262085
48.9038	3.62E-4	66.45861
50.251	3.63E-4	67.73845
50.951	3.71E-4	68.40345
51.651	3.84E-4	69.06845
52.7585	4.16E-4	70.120575
53.4585	4.42E-4	70.785575
54.1585	4.71E-4	71.450575
54.8585	5.03E-4	72.115575
56.1826	5.64E-4	73.37347
56.8826	5.94E-4	74.03847
57.5826	6.21E-4	74.70347
58.2826	6.42E-4	75.36847
59.2296	6.61E-4	76.26812
60.5622	6.65E-4	77.53409
61.2622	6.56E-4	78.19909
61.9622	6.38E-4	78.86409
62.6622	6.13E-4	79.52909
63.3622	5.81E-4	80.19409
64.0622	5.44E-4	80.85909
64.7622	5.03E-4	81.52409
65.4622	4.58E-4	82.18909
66.1622	4.12E-4	82.85409
66.8622	3.66E-4	83.51909
67.5622	3.21E-4	84.18409
68.2622	2.77E-4	84.84909
68.9622	2.37E-4	85.51409
69.6622	2E-4	86.17909
70.3622	1.67E-4	86.84409
71.0622	1.37E-4	87.50909
71.7622	1.12E-4	88.17409
72.4622	9E-5	88.83909
73.3258	6.8E-5	89.65951
74.0258	5.4E-5	90.32451
75.2098	3.6E-5	91.44931
75.9098	2.8E-5	92.11431
77.286	1.8E-5	93.4217
77.986	1.4E-5	94.0867
78.686	1.2E-5	94.7517
79.386	1E-5	95.4167
80.086	9E-6	96.0817
80.786	8E-6	96.7467
81.486	8E-6	97.4117
82.186	8E-6	98.0767
82.886	8E-6	98.7417
83.586	9E-6	99.4067
84.6834	9E-6	100.44923
85.8984	1.1E-5	101.60348
86.5984	1.2E-5	102.26848
87.3421	1.3E-5	102.974995
88.0421	1.4E-5	103.639995
88.7421	1.5E-5	104.304995
89.4421	1.6E-5	104.969995
90.1421	1.6E-5	105.634995
90.8421	1.7E-5	106.299995
91.5421	1.8E-5	106.964995
92.4547	1.8E-5	107.831965
93.7149	1.8E-5	109.029155
94.4149	1.8E-5	109.694155
95.1149	1.8E-5	110.359155
95.8149	1.7E-5	111.024155
96.5149	1.7E-5	111.689155
97.2149	1.6E-5	112.354155
97.9149	1.5E-5	113.019155
98.6149	1.4E-5	113.684155
99.3149	1.3E-5	114.349155
100.0149	1.2E-5	115.014155
100.7149	1.1E-5	115.679155
101.6915	1E-5	116.606925
102.7722	8E-6	117.63359
103.4722	7E-6	118.29859
104.1722	7E-6	118.96359
104.8722	6E-6	119.62859
105.5722	5E-6	120.29359
106.2722	4E-6	120.95859
106.9722	4E-6	121.62359
107.6722	3E-6	122.28859
108.3722	3E-6	122.95359
109.0722	2E-6	123.61859
109.7722	2E-6	124.28359
110.4722	2E-6	124.94859
111.1722	1E-6	125.61359
111.8722	1E-6	126.27859
112.5722	1E-6	126.94359
113.2722	1E-6	127.60859
113.9722	1E-6	128.27359
114.6722	1E-6	128.93859
115.3722	1E-6	129.60359
116.0722	1E-6	130.26859
116.7722	0	130.93359
117.4722	1E-6	131.59859
118.1722	1E-6	132.26359
118.8722	1E-6	132.92859
119.7183	1E-6	133.732385
120.4183	1E-6	134.397385
121.1183	1E-6	135.062385
121.8183	2E-6	135.727385
122.5183	2E-6	136.392385
123.2183	3E-6	137.057385
123.9183	3E-6	137.722385
124.6183	4E-6	138.387385
125.3183	5E-6	139.052385
126.0183	6E-6	139.717385
126.7183	8E-6	140.382385
127.4183	9E-6	141.047385
128.1183	1.1E-5	141.712385
128.8183	1.3E-5	142.377385
129.5183	1.5E-5	143.042385
130.2183	1.8E-5	143.707385
130.9183	2E-5	144.372385
131.6183	2.3E-5	145.037385
132.3183	2.5E-5	145.702385
133.0183	2.8E-5	146.367385
133.7183	3.1E-5	147.032385
134.4183	3.5E-5	147.697385
135.1183	3.8E-5	148.362385
136.4415	4.7E-5	149.619425
137.1415	5.3E-5	150.284425
137.8415	6.1E-5	150.949425
138.5415	7E-5	151.614425
139.2415	8.1E-5	152.279425
140.0543	9.7E-5	153.051585
140.7543	1.13E-4	153.716585
141.4543	1.33E-4	154.381585
142.1543	1.56E-4	155.046585
142.8543	1.83E-4	155.711585
143.5543	2.12E-4	156.376585
144.2543	2.44E-4	157.041585
144.9543	2.79E-4	157.706585
145.6543	3.15E-4	158.371585
146.3543	3.53E-4	159.036585
147.0543	3.9E-4	159.701585
147.7543	4.25E-4	160.366585
148.4543	4.58E-4	161.031585
149.1543	4.87E-4	161.696585
149.8543	5.12E-4	162.361585
150.5543	5.31E-4	163.026585
151.892	5.48E-4	164.2974
153.1131	5.41E-4	165.457445
153.8131	5.27E-4	166.122445
154.5131	5.07E-4	166.787445
155.5506	4.68E-4	167.77307
156.2506	4.37E-4	168.43807
156.9506	4.03E-4	169.10307
157.7129	3.64E-4	169.827255
158.4129	3.28E-4	170.492255
159.1129	2.93E-4	171.157255
159.8129	2.6E-4	171.822255
160.5129	2.29E-4	172.487255
161.2129	2.02E-4	173.152255
162.4744	1.62E-4	174.35068
163.1744	1.46E-4	175.01568
163.8744	1.34E-4	175.68068
164.5744	1.27E-4	176.34568
165.2744	1.23E-4	177.01068
165.9744	1.24E-4	177.67568
166.6744	1.28E-4	178.34068
167.3744	1.36E-4	179.00568
168.0744	1.47E-4	179.67068
168.7744	1.62E-4	180.33568
169.4744	1.8E-4	181.00068
170.1744	2.01E-4	181.66568
170.8744	2.25E-4	182.33068
171.5744	2.52E-4	182.99568
172.2744	2.81E-4	183.66068
172.9744	3.14E-4	184.32568
173.6744	3.5E-4	184.99068
174.8711	4.19E-4	186.127545
175.5711	4.65E-4	186.792545
176.2711	5.13E-4	187.457545
176.9711	5.64E-4	188.122545
177.6711	6.18E-4	188.787545
178.3711	6.74E-4	189.452545
179.0711	7.3E-4	190.117545
179.7711	7.86E-4	190.782545
180.4711	8.4E-4	191.447545
181.1711	8.89E-4	192.112545
181.8711	9.33E-4	192.777545
182.5711	9.7E-4	193.442545
183.2711	9.98E-4	194.107545
183.9711	0.001015	194.772545
185.1629	0.001019	195.904755
185.8629	0.001004	196.569755
186.5629	9.78E-4	197.234755
187.2629	9.41E-4	197.899755
187.9629	8.94E-4	198.564755
188.6629	8.38E-4	199.229755
189.3629	7.76E-4	199.894755
190.0629	7.09E-4	200.559755
190.7629	6.4E-4	201.224755
191.4629	5.71E-4	201.889755
192.1629	5.02E-4	202.554755
193.5005	3.81E-4	203.825475
194.2005	3.25E-4	204.490475
194.9991	2.68E-4	205.249145
195.6991	2.26E-4	205.914145
196.3991	1.9E-4	206.579145
197.0991	1.62E-4	207.244145
197.7991	1.4E-4	207.909145
198.4991	1.26E-4	208.574145
199.1991	1.19E-4	209.239145
199.8991	1.19E-4	209.904145
200.5991	1.26E-4	210.569145
201.2991	1.39E-4	211.234145
201.9991	1.59E-4	211.899145
202.6991	1.86E-4	212.564145
203.3991	2.19E-4	213.229145
204.0991	2.58E-4	213.894145
204.7991	3.03E-4	214.559145
205.4991	3.52E-4	215.224145
206.1991	4.06E-4	215.889145
206.8991	4.63E-4	216.554145
207.5991	5.22E-4	217.219145
208.2991	5.82E-4	217.884145
208.9991	6.41E-4	218.549145
209.6991	6.99E-4	219.214145
210.3991	7.54E-4	219.879145
211.0991	8.05E-4	220.544145
211.7991	8.53E-4	221.209145
213.1273	9.35E-4	222.470935
214.0691	9.89E-4	223.365645
214.7691	0.001031	224.030645
215.4691	0.001078	224.695645
216.1691	0.001132	225.360645
216.8691	0.001196	226.025645
217.5691	0.001275	226.690645
218.2691	0.001372	227.355645
218.9691	0.001488	228.020645
219.6691	0.001626	228.685645
220.3691	0.001787	229.350645
221.0691	0.001971	230.015645
221.8166	0.002189	230.72577
222.9975	0.002572	231.847625
223.6975	0.002812	232.512625
224.3975	0.003053	233.177625
225.0975	0.003288	233.842625
225.7975	0.003507	234.507625
226.4975	0.003703	235.172625
227.1975	0.003867	235.837625
227.8975	0.003993	236.502625
228.5975	0.004074	237.167625
229.4041	0.004107	237.933895
230.3263	0.004062	238.809985
231.0263	0.00397	239.474985
232.3295	0.003675	240.713025
233.0295	0.003461	241.378025
233.7295	0.003218	242.043025
234.4295	0.002953	242.708025
235.1393	0.00267	243.382335
235.8393	0.002386	244.047335
236.5393	0.002105	244.712335
237.2393	0.001832	245.377335
237.9393	0.001575	246.042335
238.6393	0.001336	246.707335
239.3393	0.001119	247.372335
240.0393	9.25E-4	248.037335
240.7393	7.56E-4	248.702335
241.5353	5.93E-4	249.458535
242.2353	4.74E-4	250.123535
242.9353	3.76E-4	250.788535
243.6353	2.98E-4	251.453535
244.3353	2.37E-4	252.118535
245.0353	1.92E-4	252.783535
246.3009	1.47E-4	253.985855
247.0009	1.4E-4	254.650855
247.7009	1.45E-4	255.315855
248.8821	1.8E-4	256.437995
249.5821	2.18E-4	257.102995
250.2821	2.7E-4	257.767995
250.9821	3.35E-4	258.432995
251.6821	4.17E-4	259.097995
252.7869	5.79E-4	260.147555
253.4869	7.03E-4	260.812555
254.1869	8.44E-4	261.477555
254.91	0.001005	262.1645
255.61	0.001176	262.8295
256.31	0.001358	263.4945
257.01	0.001546	264.1595
258.1305	0.001852	265.223975
258.8305	0.002037	265.888975
259.5305	0.00221	266.553975
260.4308	0.002406	267.40926
261.1308	0.00253	268.07426
261.8308	0.002624	268.73926
262.5308	0.002685	269.40426
263.3934	0.002711	270.22373
264.4644	0.002666	271.24118
265.1644	0.002591	271.90618
266.0088	0.002459	272.70836
266.7088	0.00232	273.37336
267.7804	0.002066	274.39138
268.0771	0.00199	274.673245
268.7771	0.001804	275.338245
269.4771	0.001614	276.003245
270.1771	0.001424	276.668245
270.8771	0.001241	277.333245
271.5771	0.001068	277.998245
272.2771	9.07E-4	278.663245
272.9771	7.61E-4	279.328245
273.6771	6.32E-4	279.993245
274.3771	5.19E-4	280.658245
275.0771	4.22E-4	281.323245
276.4125	2.81E-4	282.591875
277.1125	2.28E-4	283.256875
277.8125	1.88E-4	283.921875
278.5125	1.61E-4	284.586875
279.2125	1.45E-4	285.251875
279.9125	1.43E-4	285.916875
280.6125	1.53E-4	286.581875
281.3125	1.78E-4	287.246875
282.0125	2.21E-4	287.911875
282.7125	2.84E-4	288.576875
283.4125	3.73E-4	289.241875
284.1125	4.92E-4	289.906875
284.8125	6.47E-4	290.571875
285.5125	8.45E-4	291.236875
286.2125	0.001092	291.901875
286.9125	0.001395	292.566875
287.6125	0.001761	293.231875
288.3125	0.002194	293.896875
289.0125	0.002697	294.561875
289.7125	0.003271	295.226875
290.4125	0.003915	295.891875
291.1125	0.004622	296.556875
291.8125	0.005382	297.221875
292.5125	0.006182	297.886875
293.2125	0.007005	298.551875
294.326	0.008306	299.6097
295.026	0.009081	300.2747
295.726	0.009793	300.9397
296.426	0.010417	301.6047
297.126	0.010928	302.2697
297.826	0.011307	302.9347
298.526	0.01154	303.5997
299.231	0.011615	304.26945
299.931	0.01153	304.93445
300.631	0.011288	305.59945
301.331	0.010901	306.26445
302.031	0.010383	306.92945
302.731	0.009754	307.59445
303.431	0.00904	308.25945
304.131	0.008265	308.92445
304.831	0.007456	309.58945
305.531	0.00664	310.25445
306.231	0.00584	310.91945
306.931	0.005078	311.58445
307.631	0.004371	312.24945
308.331	0.003733	312.91445
309.031	0.003177	313.57945
309.731	0.002709	314.24445
310.431	0.002334	314.90945
311.131	0.002054	315.57445
311.831	0.00187	316.23945
312.531	0.001781	316.90445
313.231	0.001784	317.56945
313.931	0.001875	318.23445
314.631	0.002052	318.89945
315.331	0.002308	319.56445
316.031	0.002636	320.22945
316.731	0.00303	320.89445
317.431	0.003478	321.55945
318.131	0.00397	322.22445
318.831	0.004491	322.88945
319.531	0.005027	323.55445
320.231	0.005561	324.21945
320.931	0.006076	324.88445
321.631	0.006554	325.54945
322.331	0.00698	326.21445
323.031	0.007337	326.87945
323.731	0.007616	327.54445
325.0141	0.007898	328.763395
325.7141	0.007922	329.428395
326.4141	0.007861	330.093395
327.1141	0.007722	330.758395
328.2194	0.007379	331.80843
328.9194	0.00711	332.47343
329.6194	0.006822	333.13843
330.3194	0.006535	333.80343
331.0194	0.006268	334.46843
331.7194	0.006035	335.13343
332.4194	0.00585	335.79843
333.1194	0.005721	336.46343
333.8194	0.005652	337.12843
334.5194	0.005642	337.79343
335.2194	0.005686	338.45843
336.2425	0.005827	339.430375
336.9425	0.005956	340.095375
337.6425	0.006095	340.760375
338.3425	0.006226	341.425375
339.0425	0.006333	342.090375
339.7425	0.006401	342.755375
340.4425	0.006419	343.420375
341.1932	0.006371	344.13354
341.8932	0.006259	344.79854
342.5932	0.006079	345.46354
343.3508	0.005812	346.18326
344.1561	0.005453	346.948295
344.8561	0.005088	347.613295
345.5561	0.004686	348.278295
346.2561	0.00426	348.943295
346.9561	0.003821	349.608295
347.6561	0.003381	350.273295
348.3561	0.002952	350.938295
349.0561	0.002543	351.603295
349.7561	0.00216	352.268295
350.4561	0.001811	352.933295
351.1561	0.001498	353.598295
351.8561	0.001222	354.263295
352.5561	9.84E-4	354.928295
353.2561	7.81E-4	355.593295
353.9561	6.13E-4	356.258295
354.6561	4.75E-4	356.923295
355.4121	3.55E-4	357.641495
356.1121	2.69E-4	358.306495
356.8121	2.02E-4	358.971495
357.5121	1.5E-4	359.636495
358.2121	1.11E-4	360.301495
358.9121	8.3E-5	360.966495
359.6121	6.2E-5	361.631495
360.3121	4.7E-5	362.296495
361.0121	3.6E-5	362.961495
361.7121	2.9E-5	363.626495
362.9566	2.1E-5	364.80877
363.6566	1.9E-5	365.47377
364.3566	1.7E-5	366.13877
365.0566	1.6E-5	366.80377
365.7566	1.6E-5	367.46877
366.4566	1.6E-5	368.13377
367.1566	1.6E-5	368.79877
367.8566	1.8E-5	369.46377
368.5566	2E-5	370.12877
369.2566	2.3E-5	370.79377
369.9566	2.8E-5	371.45877
370.6566	3.6E-5	372.12377
371.3566	4.6E-5	372.78877
372.0566	6.1E-5	373.45377
372.7566	8.1E-5	374.11877
373.4566	1.09E-4	374.78377
374.1566	1.45E-4	375.44877
374.8566	1.92E-4	376.11377
375.5566	2.54E-4	376.77877
376.2566	3.33E-4	377.44377
376.9566	4.32E-4	378.10877
377.6566	5.55E-4	378.77377
378.3566	7.06E-4	379.43877
379.0566	8.87E-4	380.10377
380.4147	0.001337	381.393965
381.1147	0.001621	382.058965
381.8147	0.001941	382.723965
382.5147	0.002294	383.388965
383.2147	0.002676	384.053965
383.9147	0.00308	384.718965
384.6147	0.003499	385.383965
385.3147	0.003921	386.048965
386.0147	0.004335	386.713965
386.7147	0.004728	387.378965
387.4147	0.005087	388.043965
388.1147	0.005399	388.708965
388.8147	0.005652	389.373965
389.5147	0.005836	390.038965
390.8062	0.005972	391.26589
391.5062	0.00593	391.93089
392.2062	0.005808	392.59589
392.9062	0.005611	393.26089
393.6062	0.005347	393.92589
394.3062	0.005026	394.59089
395.0062	0.004661	395.25589
395.7062	0.004264	395.92089
396.4062	0.00385	396.58589
397.1062	0.00343	397.25089
397.8062	0.003017	397.91589
398.5062	0.002621	398.58089
399.2062	0.00225	399.24589
399.9062	0.00191	399.91089
400.6062	0.001606	400.57589
401.3062	0.001338	401.24089
402.0062	0.001107	401.90589
402.7062	9.11E-4	402.57089
403.4062	7.49E-4	403.23589
404.1062	6.17E-4	403.90089
404.8062	5.12E-4	404.56589
405.5062	4.28E-4	405.23089
406.2062	3.64E-4	405.89589
406.9062	3.14E-4	406.56089
407.685	2.72E-4	407.30075
408.2969	2.48E-4	407.882055
408.9969	2.27E-4	408.547055
409.8277	2.09E-4	409.336315
410.5277	2E-4	410.001315
411.7678	1.95E-4	411.17941
412.4678	2E-4	411.84441
413.1759	2.12E-4	412.517105
413.7339	2.27E-4	413.047205
414.4339	2.55E-4	413.712205
415.1339	2.95E-4	414.377205
415.8339	3.49E-4	415.042205
416.5339	4.18E-4	415.707205
417.2339	5.06E-4	416.372205
417.9339	6.14E-4	417.037205
418.6339	7.43E-4	417.702205
419.3339	8.95E-4	418.367205
420.393	0.001167	419.37335
421.7182	0.001574	420.63229
422.4182	0.001812	421.29729
423.1182	0.002061	421.96229
423.8182	0.002314	422.62729
424.5182	0.002565	423.29229
425.2182	0.002807	423.95729
425.9182	0.003032	424.62229
426.6182	0.003233	425.28729
427.3182	0.003403	425.95229
428.0182	0.003537	426.61729
429.2518	0.003672	427.78921
429.9518	0.003688	428.45421
430.6518	0.00366	429.11921
431.3518	0.00359	429.78421
432.0518	0.003483	430.44921
433.2305	0.003232	431.568975
433.9305	0.003052	432.233975
434.6536	0.002852	432.92092
435.5586	0.002591	433.78067
436.2586	0.00239	434.44567
436.9586	0.002195	435.11067
437.6586	0.002011	435.77567
438.3586	0.00184	436.44067
439.0586	0.001685	437.10567
439.7586	0.001546	437.77067
440.4586	0.001423	438.43567
441.1586	0.001315	439.10067
441.8586	0.001219	439.76567
442.5586	0.001135	440.43067
443.2586	0.001059	441.09567
444.3071	9.57E-4	442.091745
445.0071	8.94E-4	442.756745
445.7071	8.34E-4	443.421745
446.4071	7.75E-4	444.086745
447.1071	7.18E-4	444.751745
447.8071	6.62E-4	445.416745
448.5071	6.08E-4	446.081745
449.2071	5.56E-4	446.746745
449.9071	5.07E-4	447.411745
451.2699	4.27E-4	448.706405
451.5949	4.11E-4	449.015155
452.2949	3.81E-4	449.680155
452.9949	3.59E-4	450.345155
453.6949	3.45E-4	451.010155
454.6935	3.37E-4	451.958825
455.3935	3.4E-4	452.623825
456.0935	3.5E-4	453.288825
456.7935	3.66E-4	453.953825
457.4935	3.86E-4	454.618825
458.1935	4.1E-4	455.283825
458.8935	4.36E-4	455.948825
459.5935	4.62E-4	456.613825
460.2935	4.88E-4	457.278825
460.9935	5.13E-4	457.943825
461.6935	5.35E-4	458.608825
462.9881	5.68E-4	459.838695
463.6881	5.81E-4	460.503695
464.3881	5.91E-4	461.168695
465.0881	5.98E-4	461.833695
465.7881	6.04E-4	462.498695
466.4881	6.08E-4	463.163695
467.1881	6.12E-4	463.828695
467.8881	6.17E-4	464.493695
468.931	6.26E-4	465.48445
469.631	6.33E-4	466.14945
470.331	6.43E-4	466.81445
471.031	6.54E-4	467.47945
471.731	6.66E-4	468.14445
472.431	6.79E-4	468.80945
473.131	6.92E-4	469.47445
473.831	7.05E-4	470.13945
474.531	7.17E-4	470.80445
475.231	7.28E-4	471.46945
476.0525	7.39E-4	472.249875
476.7525	7.48E-4	472.914875
477.4525	7.59E-4	473.579875
478.1525	7.71E-4	474.244875
478.8525	7.89E-4	474.909875
479.5525	8.15E-4	475.574875
480.2525	8.53E-4	476.239875
480.9525	9.07E-4	476.904875
481.6525	9.82E-4	477.569875
482.3525	0.001085	478.234875
483.0525	0.001223	478.899875
483.7525	0.001403	479.564875
484.4525	0.001633	480.229875
485.1525	0.001921	480.894875
486.4268	0.002621	482.10546
486.6629	0.002779	482.329755
487.3629	0.003301	482.994755
488.0629	0.003911	483.659755
488.7629	0.004611	484.324755
489.4629	0.0054	484.989755
490.1629	0.006275	485.654755
490.8629	0.007228	486.319755
491.5629	0.008247	486.984755
492.2629	0.009313	487.649755
492.9629	0.010407	488.314755
493.6629	0.011501	488.979755
494.3629	0.012567	489.644755
495.6927	0.014403	490.908065
496.3927	0.015211	491.573065
497.0927	0.01587	492.238065
497.7927	0.016356	492.903065
498.4927	0.016649	493.568065
499.1927	0.016738	494.233065
499.9994	0.016581	494.99943
500.3536	0.016425	495.33592
501.0536	0.015967	496.00092
501.7536	0.015324	496.66592
502.4536	0.01452	497.33092
503.8262	0.012583	498.63489
504.5262	0.011474	499.29989
505.2262	0.010329	499.96489
505.9262	0.009178	500.62989
506.6262	0.008052	501.29489
507.3262	0.006976	501.95989
508.0262	0.005971	502.62489
508.7262	0.005054	503.28989
509.4262	0.004237	503.95489
510.1262	0.003527	504.61989
510.8262	0.00293	505.28489
511.5262	0.002448	505.94989
512.2262	0.002084	506.61489
512.9262	0.00184	507.27989
513.6262	0.001721	507.94489
514.3262	0.001734	508.60989
515.0262	0.00189	509.27489
515.7262	0.002207	509.93989
516.4262	0.002707	510.60489
517.1262	0.003417	511.26989
517.8262	0.004369	511.93489
518.5262	0.005601	512.59989
519.2262	0.007151	513.26489
519.9262	0.009059	513.92989
521.2891	0.013925	515.224645
522.4584	0.019414	516.33548
523.1584	0.023284	517.00048
523.8584	0.02756	517.66548
524.5584	0.032187	518.33048
525.2584	0.03709	518.99548
525.9584	0.042163	519.66048
526.6584	0.047282	520.32548
527.3584	0.052304	520.99048
528.6989	0.061073	522.263955
529.3989	0.064908	522.928955
530.0989	0.06804	523.593955
530.7989	0.070346	524.258955
532.1457	0.072149	525.538415
532.8457	0.071642	526.203415
533.5457	0.070162	526.868415
534.2457	0.06777	527.533415
534.9457	0.06456	528.198415
535.6457	0.060658	528.863415
536.3457	0.056211	529.528415
537.0457	0.051375	530.193415
537.7457	0.046313	530.858415
538.4457	0.041178	531.523415
539.1457	0.036114	532.188415
539.8457	0.031241	532.853415
540.5457	0.026661	533.518415
541.2457	0.022446	534.183415
541.9457	0.018646	534.848415
542.6457	0.015286	535.513415
543.3457	0.012371	536.178415
544.0457	0.009887	536.843415
544.7457	0.007809	537.508415
545.8905	0.00519	538.595975
546.5905	0.003997	539.260975
547.2905	0.003061	539.925975
547.9905	0.002342	540.590975
548.6905	0.001799	541.255975
549.3905	0.001398	541.920975
550.0905	0.001109	542.585975
550.7905	9.06E-4	543.250975
551.4905	7.69E-4	543.915975
552.1905	6.8E-4	544.580975
552.8905	6.24E-4	545.245975
553.5905	5.93E-4	545.910975
554.2905	5.77E-4	546.575975
554.9905	5.71E-4	547.240975
555.6905	5.69E-4	547.905975
556.9344	5.71E-4	549.08768
557.1227	5.72E-4	549.266565
557.8227	5.74E-4	549.931565
558.5227	5.77E-4	550.596565
559.2227	5.83E-4	551.261565
559.9227	5.96E-4	551.926565
560.6227	6.2E-4	552.591565
561.3227	6.63E-4	553.256565
562.0227	7.32E-4	553.921565
562.7227	8.39E-4	554.586565
563.4227	9.96E-4	555.251565
564.6578	0.001448	556.42491
565.3578	0.001836	557.08991
566.0578	0.002349	557.75491
566.7578	0.003011	558.41991
567.4578	0.003848	559.08491
568.1578	0.004887	559.74991
568.8578	0.006152	560.41491
569.5578	0.007662	561.07991
570.2578	0.009432	561.74491
570.9578	0.011468	562.40991
571.6578	0.013765	563.07491
572.3578	0.016305	563.73991
573.0578	0.019057	564.40491
573.7578	0.021972	565.06991
574.4578	0.024991	565.73491
575.1578	0.028036	566.39991
575.8578	0.031022	567.06491
576.5578	0.033856	567.72991
577.2578	0.036442	568.39491
577.9578	0.038686	569.05991
578.6578	0.040504	569.72491
579.3578	0.041825	570.38991
580.6296	0.042791	571.59812
581.3296	0.042495	572.26312
582.0296	0.04162	572.92812
582.7296	0.040202	573.59312
583.4296	0.038298	574.25812
584.1296	0.035981	574.92312
584.8296	0.03334	575.58812
585.5296	0.030467	576.25312
586.2296	0.027458	576.91812
586.9296	0.024406	577.58312
587.6296	0.021395	578.24812
588.3296	0.018497	578.91312
589.0296	0.015772	579.57812
589.7296	0.013263	580.24312
590.4296	0.011001	580.90812
591.1296	0.009	581.57312
591.8296	0.007264	582.23812
592.5296	0.005785	582.90312
593.2296	0.004547	583.56812
593.9296	0.003532	584.23312
594.6296	0.002714	584.89812
595.3296	0.00207	585.56312
596.0296	0.001575	586.22812
596.7296	0.001208	586.89312
597.4296	9.47E-4	587.55812
598.1296	7.78E-4	588.22312
598.8296	6.85E-4	588.88812
599.5296	6.6E-4	589.55312
600.2296	6.94E-4	590.21812
600.9296	7.84E-4	590.88312
601.6296	9.26E-4	591.54812
602.3296	0.001121	592.21312
603.0296	0.001369	592.87812
603.7296	0.001673	593.54312
604.4296	0.002035	594.20812
605.1296	0.00246	594.87312
605.8296	0.002951	595.53812
606.5296	0.003516	596.20312
607.2296	0.004162	596.86812
608.1107	0.005107	597.705165
608.8107	0.005978	598.370165
609.5107	0.006975	599.035165
610.2107	0.00812	599.700165
610.9107	0.009437	600.365165
611.6107	0.010955	601.030165
612.3107	0.012707	601.695165
613.3808	0.015909	602.71176
614.0808	0.018391	603.37676
614.7808	0.021207	604.04176
615.4808	0.02437	604.70676
616.1808	0.027881	605.37176
616.8808	0.031721	606.03676
617.5808	0.035857	606.70176
618.2808	0.040231	607.36676
618.9808	0.044767	608.03176
619.8005	0.050154	608.810475
620.5005	0.054691	609.475475
621.2005	0.059037	610.140475
622.3191	0.065268	611.203145
623.0191	0.068528	611.868145
623.7191	0.071165	612.533145
624.808	0.073829	613.5676
625.508	0.074535	614.2326
626.208	0.074425	614.8976
626.908	0.073511	615.5626
628.2972	0.06949	616.88234
629.2997	0.065037	617.834715
629.3715	0.064677	617.902925
630.0715	0.060927	618.567925
631.4158	0.052824	619.84501
632.7288	0.044385	621.09236
633.82	0.037437	622.129
634.52	0.03316	622.794
635.22	0.029097	623.459
635.92	0.025291	624.124
636.62	0.021775	624.789
637.32	0.018569	625.454
638.02	0.015682	626.119
638.72	0.013115	626.784
639.4839	0.010668	627.509705
640.1839	0.008735	628.174705
640.8839	0.007079	628.839705
641.5839	0.005677	629.504705
642.2839	0.004504	630.169705
642.9839	0.003535	630.834705
643.6839	0.002744	631.499705
644.3839	0.002106	632.164705
645.0839	0.001598	632.829705
645.7839	0.001199	633.494705
646.4839	8.9E-4	634.159705
647.1839	6.53E-4	634.824705
647.8839	4.74E-4	635.489705
648.5839	3.4E-4	636.154705
649.2839	2.42E-4	636.819705
649.9839	1.7E-4	637.484705
650.6839	1.19E-4	638.149705
651.3839	8.4E-5	638.814705
652.0839	5.9E-5	639.479705
652.7839	4.2E-5	640.144705
653.4839	3.2E-5	640.809705
654.1839	2.5E-5	641.474705
654.8839	2.1E-5	642.139705
655.5839	2E-5	642.804705
656.2839	2E-5	643.469705
656.9839	2E-5	644.134705
657.6839	2.2E-5	644.799705
658.3839	2.4E-5	645.464705
659.0839	2.6E-5	646.129705
659.7839	2.8E-5	646.794705
660.4839	3.1E-5	647.459705
661.1839	3.3E-5	648.124705
662.4459	3.8E-5	649.323605
662.5873	3.8E-5	649.457935
663.2873	4E-5	650.122935
663.9873	4.3E-5	650.787935
664.6873	4.6E-5	651.452935
665.4758	4.9E-5	652.20201
666.1758	5.2E-5	652.86701
667.346	5.8E-5	653.9787
668.046	6.3E-5	654.6437
668.746	6.8E-5	655.3087
669.446	7.5E-5	655.9737
670.146	8.3E-5	656.6387
670.846	9.2E-5	657.3037
671.546	1.02E-4	657.9687
672.246	1.14E-4	658.6337
672.946	1.28E-4	659.2987
673.646	1.44E-4	659.9637
674.346	1.63E-4	660.6287
675.046	1.83E-4	661.2937
675.746	2.06E-4	661.9587
677.137	2.6E-4	663.28015
677.5978	2.81E-4	663.71791
678.2978	3.14E-4	664.38291
678.9978	3.49E-4	665.04791
679.6978	3.87E-4	665.71291
680.3978	4.27E-4	666.37791
681.0978	4.68E-4	667.04291
681.7978	5.08E-4	667.70791
682.4978	5.48E-4	668.37291
683.1978	5.86E-4	669.03791
683.8978	6.2E-4	669.70291
684.5978	6.5E-4	670.36791
685.2978	6.74E-4	671.03291
685.9978	6.9E-4	671.69791
686.6978	6.99E-4	672.36291
687.5319	6.99E-4	673.155305
688.2319	6.9E-4	673.820305
688.9319	6.72E-4	674.485305
689.6319	6.47E-4	675.150305
690.3319	6.14E-4	675.815305
691.0319	5.77E-4	676.480305
691.7319	5.35E-4	677.145305
692.4319	4.9E-4	677.810305
693.1319	4.45E-4	678.475305
693.8319	4.01E-4	679.140305
694.5319	3.6E-4	679.805305
695.2319	3.23E-4	680.470305
695.9319	2.92E-4	681.135305
696.6319	2.69E-4	681.800305
697.3319	2.57E-4	682.465305
698.0319	2.56E-4	683.130305
698.7319	2.7E-4	683.795305
699.4319	3.01E-4	684.460305
700.1319	3.54E-4	685.125305
700.8319	4.32E-4	685.790305
701.5319	5.43E-4	686.455305
702.2319	6.95E-4	687.120305
702.9319	8.96E-4	687.785305
703.6319	0.001159	688.450305
704.3319	0.0015	689.115305
705.0319	0.001935	689.780305
705.7319	0.002486	690.445305
706.4319	0.003176	691.110305
707.1319	0.004031	691.775305
707.8319	0.005078	692.440305
708.5319	0.006344	693.105305
709.2622	0.007928	693.79909
709.9622	0.009723	694.46409
711.1483	0.013431	695.590885
711.8483	0.016026	696.255885
712.5483	0.018914	696.920885
713.2483	0.022076	697.585885
713.9483	0.025477	698.250885
714.6483	0.029066	698.915885
715.3483	0.032779	699.580885
716.0483	0.036542	700.245885
716.7483	0.040271	700.910885
717.4483	0.04388	701.575885
718.1483	0.047287	702.240885
718.8483	0.050419	702.905885
719.6358	0.053545	703.65401
720.4278	0.056223	704.40641
721.1278	0.058203	705.07141
721.8278	0.059861	705.73641
722.9542	0.06205	706.80649
723.6183	0.063233	707.437385
724.3183	0.064564	708.102385
725.6663	0.067987	709.382985
726.2819	0.070191	709.967805
726.9819	0.073367	710.632805
727.6819	0.077363	711.297805
728.3819	0.082248	711.962805
729.0819	0.088029	712.627805
729.7819	0.094652	713.292805
730.4819	0.10199	713.957805
731.1819	0.109852	714.622805
731.8819	0.117983	715.287805
732.5819	0.126081	715.952805
733.2819	0.133814	716.617805
733.9819	0.140832	717.282805
734.6819	0.146798	717.947805
735.3819	0.151405	718.612805
736.0819	0.154395	719.277805
737.025	0.155548	720.17375
737.725	0.154145	720.83875
738.425	0.150821	721.50375
739.125	0.145667	722.16875
739.825	0.138859	722.83375
740.9578	0.124958	723.90991
742.3125	0.105229	725.196875
743.0125	0.094428	725.861875
743.7125	0.08362	726.526875
744.4125	0.073081	727.191875
745.1125	0.063042	727.856875
745.8125	0.053687	728.521875
746.5125	0.045148	729.186875
747.2125	0.037509	729.851875
748.4783	0.026076	731.054385
749.1783	0.021044	731.719385
750.2559	0.014955	732.743105
751.2161	0.011036	733.655295
751.9161	0.008951	734.320295
752.6161	0.007428	734.985295
753.3161	0.006392	735.650295
754.0161	0.005775	736.315295
754.7161	0.005518	736.980295
755.6286	0.005636	737.84717
756.3286	0.006015	738.51217
757.0286	0.006602	739.17717
757.7286	0.007359	739.84217
758.4286	0.00825	740.50717
759.1286	0.009242	741.17217
759.8286	0.010299	741.83717
760.5286	0.011386	742.50217
761.2286	0.012468	743.16717
761.9286	0.013511	743.83217
762.6286	0.014482	744.49717
763.3286	0.015349	745.16217
764.0286	0.016088	745.82717
765.1214	0.016932	746.86533
765.8214	0.017253	747.53033
766.5214	0.017396	748.19533
767.2214	0.017359	748.86033
767.9214	0.017149	749.52533
768.6425	0.016764	750.210375
769.168	0.016385	750.7096
770.1123	0.015525	751.606685
770.8123	0.014763	752.271685
771.5123	0.013919	752.936685
772.2123	0.013016	753.601685
772.9151	0.01207	754.269345
773.2583	0.011599	754.595385
773.9583	0.010635	755.260385
774.6583	0.009677	755.925385
775.3583	0.00874	756.590385
776.0583	0.007839	757.255385
776.7583	0.006984	757.920385
777.4583	0.006184	758.585385
778.1583	0.005448	759.250385
778.8583	0.004783	759.915385
779.5583	0.004193	760.580385
780.2583	0.003681	761.245385
780.9583	0.00325	761.910385
781.6583	0.002899	762.575385
782.3583	0.002626	763.240385
783.0583	0.002428	763.905385
783.7583	0.002301	764.570385
784.4583	0.002238	765.235385
785.1583	0.00223	765.900385
785.8583	0.00227	766.565385
786.5583	0.002346	767.230385
787.2583	0.002449	767.895385
787.9583	0.002567	768.560385
788.6583	0.002689	769.225385
789.3583	0.002805	769.890385
790.0583	0.002905	770.555385
790.7583	0.002983	771.220385
791.4583	0.00303	771.885385
792.2161	0.003042	772.605295
792.867	0.003017	773.22365
793.567	0.002954	773.88865
794.267	0.002856	774.55365
794.967	0.002724	775.21865
795.667	0.002565	775.88365
796.367	0.002383	776.54865
797.067	0.002187	777.21365
797.767	0.001983	777.87865
798.467	0.00178	778.54365
799.167	0.001585	779.20865
799.867	0.001408	779.87365
800.567	0.001256	780.53865
801.267	0.001141	781.20365
801.967	0.001074	781.86865
802.667	0.00107	782.53365
803.367	0.001147	783.19865
804.067	0.00133	783.86365
804.767	0.001649	784.52865
805.467	0.002146	785.19365
806.167	0.002869	785.85865
806.867	0.003883	786.52365
807.567	0.005262	787.18865
808.267	0.007095	787.85365
808.967	0.009484	788.51865
809.667	0.01254	789.18365
810.367	0.016383	789.84865
811.067	0.021134	790.51365
811.767	0.026906	791.17865
812.467	0.0338	791.84365
813.167	0.041891	792.50865
814.4281	0.059583	793.706695
814.9696	0.068376	794.22112
815.6696	0.080704	794.88612
816.3696	0.093954	795.55112
817.0696	0.107884	796.21612
817.7696	0.122183	796.88112
818.4696	0.136481	797.54612
819.1696	0.150361	798.21112
819.8696	0.163379	798.87612
820.5696	0.175087	799.54112
821.2696	0.185057	800.20612
821.9696	0.192906	800.87112
822.6696	0.198323	801.53612
823.7233	0.201439	802.537135
824.4233	0.200035	803.202135
825.1233	0.195908	803.867135
825.8233	0.189228	804.532135
826.5233	0.18026	805.197135
827.2233	0.169355	805.862135
827.9233	0.15692	806.527135
828.6233	0.143398	807.192135
829.3233	0.129238	807.857135
830.0233	0.114875	808.522135
830.7233	0.100703	809.187135
831.4233	0.087065	809.852135
832.1233	0.074239	810.517135
832.8233	0.062433	811.182135
833.5233	0.051783	811.847135
834.2233	0.042361	812.512135
834.9233	0.034177	813.177135
835.6233	0.027197	813.842135
836.3233	0.021347	814.507135
837.0233	0.016526	815.172135
837.8473	0.012014	815.954935
838.5473	0.009029	816.619935
839.2473	0.006694	817.284935
839.9473	0.004896	817.949935
840.6473	0.003534	818.614935
841.3473	0.002518	819.279935
842.0473	0.001771	819.944935
842.7473	0.00123	820.609935
843.4473	8.44E-4	821.274935
844.1473	5.73E-4	821.939935
844.8473	3.86E-4	822.604935
845.5473	2.58E-4	823.269935
846.2473	1.72E-4	823.934935
846.9473	1.16E-4	824.599935
847.6473	8E-5	825.264935
848.3473	5.9E-5	825.929935
849.0473	4.7E-5	826.594935
849.7473	4.3E-5	827.259935
850.4473	4.5E-5	827.924935
851.1473	5.2E-5	828.589935
851.8473	6.4E-5	829.254935
852.5473	8.1E-5	829.919935
853.3811	1.09E-4	830.712045
854.0811	1.4E-4	831.377045
854.7811	1.78E-4	832.042045
855.4811	2.26E-4	832.707045
856.1811	2.84E-4	833.372045
856.8811	3.53E-4	834.037045
857.5811	4.34E-4	834.702045
858.2811	5.27E-4	835.367045
858.9811	6.32E-4	836.032045
859.6811	7.5E-4	836.697045
861.0774	0.001016	838.02353
862.0774	0.001225	838.97353
862.4295	0.001301	839.308025
863.1295	0.001451	839.973025
863.8295	0.001599	840.638025
864.5295	0.001739	841.303025
865.2295	0.001868	841.968025
865.9295	0.001981	842.633025
866.6295	0.002074	843.298025
867.8314	0.002179	844.43983
868.7236	0.002206	845.28742
869.4236	0.002196	845.95242
870.1236	0.002159	846.61742
870.8236	0.002096	847.28242
871.5236	0.00201	847.94742
872.2374	0.0019	848.62553
873.0905	0.001748	849.435975
873.7905	0.00161	850.100975
874.4905	0.001465	850.765975
875.1905	0.001317	851.430975
875.8905	0.001169	852.095975
876.5905	0.001026	852.760975
877.2905	8.89E-4	853.425975
877.9905	7.62E-4	854.090975
878.6905	6.46E-4	854.755975
879.3905	5.41E-4	855.420975
880.0905	4.48E-4	856.085975
880.7905	3.69E-4	856.750975
881.4905	3.01E-4	857.415975
882.1905	2.46E-4	858.080975
883.2254	1.86E-4	859.06413
883.6541	1.7E-4	859.471395
884.8942	1.49E-4	860.64949
885.5942	1.57E-4	861.31449
886.2942	1.84E-4	861.97949
886.9942	2.34E-4	862.64449
887.6942	3.11E-4	863.30949
888.3942	4.25E-4	863.97449
889.0942	5.84E-4	864.63949
889.7942	8.01E-4	865.30449
890.4942	0.00109	865.96949
891.1942	0.001466	866.63449
891.8942	0.001948	867.29949
892.5942	0.002556	867.96449
893.2942	0.003308	868.62949
893.9942	0.004224	869.29449
894.6942	0.00532	869.95949
895.3942	0.006608	870.62449
896.0942	0.008096	871.28949
896.7942	0.009782	871.95449
897.4942	0.011657	872.61949
898.1942	0.0137	873.28449
898.8942	0.01588	873.94949
899.5942	0.018155	874.61449
900.2942	0.02047	875.27949
900.9942	0.022763	875.94449
901.6942	0.024965	876.60949
902.3942	0.027004	877.27449
903.0942	0.028809	877.93949
903.7942	0.030312	878.60449
904.4942	0.031456	879.26949
905.1942	0.032195	879.93449
905.9887	0.032506	880.689265
906.6887	0.032303	881.354265
907.3887	0.031662	882.019265
908.0887	0.030608	882.684265
909.2869	0.027974	883.822555
910.3538	0.024958	884.83611
911.0538	0.022759	885.50111
911.7538	0.02047	886.16611
912.4538	0.01816	886.83111
913.1538	0.015891	887.49611
913.8538	0.013715	888.16111
914.5538	0.011677	888.82611
915.2538	0.009806	889.49111
915.9538	0.008123	890.15611
916.6538	0.006638	890.82111
917.3538	0.005352	891.48611
918.0538	0.004257	892.15111
918.7538	0.003342	892.81611
919.4538	0.00259	893.48111
920.1538	0.001982	894.14611
920.8538	0.001501	894.81111
921.5538	0.001125	895.47611
922.2538	8.39E-4	896.14111
922.9538	6.25E-4	896.80611
923.6538	4.71E-4	897.47111
924.3538	3.62E-4	898.13611
925.0538	2.91E-4	898.80111
925.7538	2.48E-4	899.46611
926.4538	2.28E-4	900.13111
927.1538	2.25E-4	900.79611
927.8538	2.35E-4	901.46111
928.5538	2.55E-4	902.12611
929.2538	2.83E-4	902.79111
929.9538	3.17E-4	903.45611
930.6538	3.54E-4	904.12111
931.3538	3.94E-4	904.78611
932.0538	4.33E-4	905.45111
932.7538	4.73E-4	906.11611
933.4538	5.1E-4	906.78111
934.1538	5.44E-4	907.44611
934.8538	5.73E-4	908.11111
936.1426	6.14E-4	909.33547
937.3872	6.33E-4	910.51784
938.0872	6.36E-4	911.18284
938.7872	6.32E-4	911.84784
939.4872	6.22E-4	912.51284
940.1872	6.07E-4	913.17784
940.8872	5.87E-4	913.84284
941.5872	5.64E-4	914.50784
942.2872	5.37E-4	915.17284
942.9872	5.07E-4	915.83784
944.0122	4.6E-4	916.81159
944.8601	4.2E-4	917.617095
945.5601	3.87E-4	918.282095
946.2601	3.54E-4	918.947095
946.9601	3.22E-4	919.612095
947.6601	2.92E-4	920.277095
948.3601	2.64E-4	920.942095
949.0601	2.4E-4	921.607095
949.7601	2.2E-4	922.272095
950.4964	2.04E-4	922.97158
951.4164	1.97E-4	923.84558
952.1164	2.02E-4	924.51058
952.8164	2.2E-4	925.17558
953.5164	2.52E-4	925.84058
954.2164	3.04E-4	926.50558
954.9164	3.78E-4	927.17058
955.6164	4.79E-4	927.83558
956.3164	6.12E-4	928.50058
957.0164	7.84E-4	929.16558
957.7164	9.98E-4	929.83058
958.4164	0.001259	930.49558
959.1164	0.001573	931.16058
959.8164	0.001942	931.82558
960.5164	0.002366	932.49058
961.2164	0.002846	933.15558
961.9164	0.003378	933.82058
962.6164	0.003955	934.48558
963.3164	0.004568	935.15058
964.0164	0.005203	935.81558
964.7164	0.005846	936.48058
965.4164	0.006478	937.14558
966.1164	0.00708	937.81058
966.8164	0.007632	938.47558
967.5164	0.008116	939.14058
968.2164	0.008512	939.80558
968.9164	0.008807	940.47058
970.2459	0.009051	941.733605
970.9459	0.009007	942.398605
971.6459	0.008846	943.063605
972.3459	0.008577	943.728605
973.0459	0.008213	944.393605
973.7459	0.007771	945.058605
974.4459	0.007271	945.723605
975.1459	0.006734	946.388605
975.8459	0.006179	947.053605
976.5459	0.005628	947.718605
977.2459	0.005098	948.383605
977.9459	0.004604	949.048605
978.6459	0.004157	949.713605
979.3459	0.003764	950.378605
980.0459	0.00343	951.043605
980.7459	0.003154	951.708605
981.4459	0.002933	952.373605
982.1459	0.002761	953.038605
982.8459	0.002631	953.703605
983.5459	0.002533	954.368605
984.2459	0.002459	955.033605
984.9459	0.002399	955.698605
985.7477	0.002338	956.460315
986.6327	0.002267	957.301065
987.3327	0.002202	957.966065
988.0327	0.002126	958.631065
988.7327	0.002037	959.296065
989.4327	0.001936	959.961065
990.1327	0.001825	960.626065
990.8327	0.001705	961.291065
991.9248	0.001511	962.32856
992.4907	0.001411	962.866165
993.1907	0.001292	963.531165
993.8907	0.001181	964.196165
994.5907	0.001082	964.861165
995.2907	9.97E-4	965.526165
995.9907	9.28E-4	966.191165
996.6907	8.76E-4	966.856165
997.3907	8.4E-4	967.521165
998.0907	8.22E-4	968.186165
998.7907	8.19E-4	968.851165
999.4907	8.32E-4	969.516165
1000.1907	8.59E-4	970.181165
1000.8907	8.99E-4	970.846165
1001.5907	9.54E-4	971.511165
1002.2907	0.001025	972.176165
1002.9907	0.001113	972.841165
1004.199	0.001322	973.98905
1004.8558	0.001475	974.61301
1006.0507	0.001858	975.748165
1006.7507	0.002163	976.413165
1007.4507	0.002545	977.078165
1008.7178	0.003476	978.28191
1009.3006	0.004027	978.83557
1010.0006	0.004802	979.50057
1010.7006	0.00571	980.16557
1011.4006	0.006753	980.83057
1012.1006	0.00793	981.49557
1012.8006	0.00923	982.16057
1013.5006	0.010638	982.82557
1014.2006	0.012128	983.49057
1014.9006	0.013669	984.15557
1015.6006	0.01522	984.82057
1016.455	0.017063	985.63225
1017.251	0.018656	986.38845
1017.7172	0.019505	986.83134
1018.4172	0.020624	987.49634
1019.1172	0.02152	988.16134
1019.8172	0.022157	988.82634
1021.1134	0.022569	990.05773
1021.8134	0.022359	990.72273
1022.5134	0.021853	991.38773
1023.2134	0.021071	992.05273
1023.9134	0.020041	992.71773
1024.6134	0.018805	993.38273
1025.3134	0.017406	994.04773
1026.0134	0.015893	994.71273
1026.7134	0.014315	995.37773
1027.8633	0.011706	996.470135
1027.9734	0.01146	996.57473
1028.6734	0.009937	997.23973
1030.0085	0.007291	998.508075
1030.1948	0.006956	998.68506
1030.8948	0.005778	999.35006
1031.5948	0.004735	1000.01506
1032.2948	0.003829	1000.68006
1032.9948	0.003055	1001.34506
1033.6948	0.002405	1002.01006
1034.3948	0.001869	1002.67506
1035.0948	0.001433	1003.34006
1035.7948	0.001085	1004.00506
1036.4948	8.11E-4	1004.67006
1037.1948	5.98E-4	1005.33506
1037.8948	4.36E-4	1006.00006
1038.5948	3.14E-4	1006.66506
1039.2948	2.24E-4	1007.33006
1039.9948	1.59E-4	1007.99506
1040.6948	1.13E-4	1008.66006
1041.3948	8.1E-5	1009.32506
1042.0948	6.1E-5	1009.99006
1042.7948	4.9E-5	1010.65506
1043.4948	4.3E-5	1011.32006
1044.1948	4.4E-5	1011.98506
1044.8948	5.1E-5	1012.65006
1045.5948	6.2E-5	1013.31506
1046.2948	8E-5	1013.98006
1046.9948	1.03E-4	1014.64506
1047.6948	1.33E-4	1015.31006
1048.3948	1.71E-4	1015.97506
1049.0948	2.18E-4	1016.64006
1049.7948	2.74E-4	1017.30506
1050.4948	3.39E-4	1017.97006
1051.1948	4.14E-4	1018.63506
1051.8948	5E-4	1019.30006
1052.5948	5.95E-4	1019.96506
1053.2948	6.98E-4	1020.63006
1053.9948	8.07E-4	1021.29506
1054.6948	9.22E-4	1021.96006
1055.3948	0.001038	1022.62506
1056.0948	0.001153	1023.29006
1056.7948	0.001264	1023.95506
1057.4948	0.001366	1024.62006
1058.7117	0.001516	1025.776115
1059.4117	0.00158	1026.441115
1060.5394	0.001644	1027.51243
1061.0542	0.001656	1028.00149
1061.7542	0.001654	1028.66649
1062.4542	0.001631	1029.33149
1063.1542	0.00159	1029.99649
1063.8542	0.001532	1030.66149
1064.5542	0.001461	1031.32649
1065.2542	0.001378	1031.99149
1065.9542	0.001287	1032.65649
1066.6542	0.001192	1033.32149
1067.3542	0.001096	1033.98649
1068.0542	0.001001	1034.65149
1068.7542	9.11E-4	1035.31649
1069.4542	8.26E-4	1035.98149
1070.1542	7.5E-4	1036.64649
1070.8542	6.84E-4	1037.31149
1072.0457	6.02E-4	1038.443415
1072.7457	5.77E-4	1039.108415
1073.4457	5.74E-4	1039.773415
1074.1457	6.01E-4	1040.438415
1074.8457	6.66E-4	1041.103415
1075.956	8.79E-4	1042.1582
1076.4741	0.00104	1042.650395
1077.1741	0.001341	1043.315395
1077.8741	0.001762	1043.980395
1078.5741	0.002336	1044.645395
1079.2741	0.0031	1045.310395
1079.9741	0.004096	1045.975395
1080.6741	0.005369	1046.640395
1081.3741	0.006969	1047.305395
1082.0741	0.008941	1047.970395
1082.7741	0.011331	1048.635395
1083.4741	0.014176	1049.300395
1084.1741	0.017502	1049.965395
1084.8741	0.021319	1050.630395
1085.5741	0.025618	1051.295395
1086.2741	0.030364	1051.960395
1086.9741	0.035497	1052.625395
1087.6741	0.04093	1053.290395
1088.3741	0.046547	1053.955395
1089.0741	0.052208	1054.620395
1089.7741	0.057753	1055.285395
1090.4741	0.063009	1055.950395
1091.1741	0.067798	1056.615395
1091.8741	0.07195	1057.280395
1092.5741	0.075307	1057.945395
1093.2741	0.07774	1058.610395
1094.5198	0.079506	1059.79381
1095.2198	0.078991	1060.45881
1095.9198	0.077409	1061.12381
1096.6198	0.074827	1061.78881
1097.3198	0.071353	1062.45381
1098.0198	0.067125	1063.11881
1098.7198	0.062304	1063.78381
1099.4198	0.057066	1064.44881
1100.1198	0.051586	1065.11381
1100.8198	0.046036	1065.77881
1101.5198	0.04057	1066.44381
1102.2198	0.035321	1067.10881
1102.9198	0.030397	1067.77381
1103.6198	0.025875	1068.43881
1104.3198	0.021808	1069.10381
1105.0198	0.018219	1069.76881
1105.7198	0.015109	1070.43381
1106.7641	0.011317	1071.425895
1106.9304	0.0108	1071.58388
1107.6304	0.008867	1072.24888
1108.3304	0.007288	1072.91388
1109.6964	0.005039	1074.21158
1109.9421	0.00473	1074.444995
1110.6421	0.003981	1075.109995
1111.3421	0.003393	1075.774995
1112.0421	0.002935	1076.439995
1112.7421	0.002583	1077.104995
1113.4421	0.002315	1077.769995
1114.1421	0.00212	1078.434995
1114.8421	0.001987	1079.099995
1115.5421	0.001911	1079.764995
1116.2421	0.001888	1080.429995
1116.9421	0.00192	1081.094995
1117.6421	0.002006	1081.759995
1118.3421	0.002148	1082.424995
1119.0421	0.002349	1083.089995
1119.7421	0.002611	1083.754995
1120.4421	0.002937	1084.419995
1121.1421	0.00333	1085.084995
1121.8421	0.003794	1085.749995
1122.5421	0.004337	1086.414995
1123.2421	0.004964	1087.079995
1123.9421	0.005685	1087.744995
1124.6421	0.006513	1088.409995
1125.3421	0.007462	1089.074995
1126.5353	0.009407	1090.208535
1127.2353	0.010774	1090.873535
1127.9433	0.012353	1091.546135
1128.2364	0.013069	1091.82458
1128.9364	0.014941	1092.48958
1129.6364	0.017054	1093.15458
1130.3364	0.019423	1093.81958
1131.0364	0.022058	1094.48458
1132.1309	0.026719	1095.524355
1132.8523	0.030143	1096.209685
1134.0661	0.036481	1097.362795
1134.7661	0.040419	1098.027795
1135.4661	0.044521	1098.692795
1136.1661	0.04874	1099.357795
1137.0155	0.053942	1100.164725
1137.5274	0.05708	1100.65103
1138.8186	0.064806	1101.87767
1139.0277	0.066009	1102.076315
1139.7277	0.069888	1102.741315
1140.4277	0.073475	1103.406315
1141.1277	0.076686	1104.071315
1141.8277	0.079436	1104.736315
1142.5277	0.081645	1105.401315
1143.2277	0.083234	1106.066315
1143.9277	0.084137	1106.731315
1144.6277	0.084302	1107.396315
1145.3277	0.083693	1108.061315
1146.475	0.080998	1109.15125
1147.175	0.078349	1109.81625
1147.875	0.074998	1110.48125
1148.575	0.071024	1111.14625
1149.275	0.066524	1111.81125
1149.975	0.061615	1112.47625
1150.675	0.056422	1113.14125
1151.375	0.051076	1113.80625
1152.075	0.045705	1114.47125
1152.775	0.040428	1115.13625
1153.475	0.035352	1115.80125
1154.175	0.030564	1116.46625
1154.875	0.026134	1117.13125
1155.575	0.022108	1117.79625
1156.275	0.018512	1118.46125
1156.975	0.015354	1119.12625
1157.675	0.012624	1119.79125
1158.7501	0.00921	1120.812595
1159.4501	0.007444	1121.477595
1160.1501	0.005992	1122.142595
1160.8501	0.004811	1122.807595
1161.5501	0.003861	1123.472595
1162.2501	0.003102	1124.137595
1162.9501	0.0025	1124.802595
1163.6501	0.002025	1125.467595
1164.3501	0.001651	1126.132595
1165.4833	0.001205	1127.209135
1166.1833	0.001002	1127.874135
1167.2857	7.62E-4	1128.921415
1167.4736	7.29E-4	1129.09992
1168.1736	6.2E-4	1129.76492
1168.8736	5.31E-4	1130.42992
1169.5736	4.58E-4	1131.09492
1170.2736	3.96E-4	1131.75992
1171.2032	3.3E-4	1132.64304
1171.4207	3.16E-4	1132.849665
1172.1207	2.77E-4	1133.514665
1172.8207	2.43E-4	1134.179665
1173.5207	2.14E-4	1134.844665
1174.2207	1.89E-4	1135.509665
1174.9207	1.67E-4	1136.174665
1175.6207	1.49E-4	1136.839665
1176.3207	1.34E-4	1137.504665
1177.0207	1.22E-4	1138.169665
1177.7207	1.13E-4	1138.834665
1178.4207	1.08E-4	1139.499665
1179.1207	1.08E-4	1140.164665
1179.8207	1.12E-4	1140.829665
1180.5207	1.22E-4	1141.494665
1181.2207	1.39E-4	1142.159665
1181.9207	1.63E-4	1142.824665
1182.6207	1.96E-4	1143.489665
1183.3207	2.4E-4	1144.154665
1184.0207	2.95E-4	1144.819665
1184.7207	3.63E-4	1145.484665
1185.4207	4.46E-4	1146.149665
1186.1207	5.45E-4	1146.814665
1186.8207	6.61E-4	1147.479665
1188.1612	9.32E-4	1148.75314
1189.1198	0.001165	1149.66381
1189.8897	0.001374	1150.395215
1190.5897	0.001577	1151.060215
1191.2897	0.00179	1151.725215
1191.9897	0.002008	1152.390215
1192.6897	0.002228	1153.055215
1193.3897	0.002444	1153.720215
1194.0897	0.002653	1154.385215
1194.7897	0.002851	1155.050215
1195.4897	0.003034	1155.715215
1196.4508	0.003262	1156.62826
1196.7376	0.003326	1156.90072
1197.4376	0.003475	1157.56572
1198.3685	0.003673	1158.450075
1198.7636	0.003762	1158.82542
1199.4636	0.003938	1159.49042
1200.1636	0.004155	1160.15542
1200.8636	0.004433	1160.82042
1201.5636	0.004797	1161.48542
1202.733	0.005671	1162.59635
1203.433	0.006401	1163.26135
1204.133	0.007318	1163.92635
1204.833	0.008448	1164.59135
1205.533	0.009812	1165.25635
1206.233	0.011425	1165.92135
1206.933	0.013295	1166.58635
1207.633	0.01542	1167.25135
1208.333	0.017789	1167.91635
1209.033	0.020378	1168.58135
1209.733	0.023156	1169.24635
1210.433	0.026076	1169.91135
1211.133	0.029083	1170.57635
1211.833	0.032113	1171.24135
1212.533	0.035095	1171.90635
1213.233	0.037953	1172.57135
1213.933	0.040608	1173.23635
1214.6816	0.043138	1173.94752
1215.3816	0.045137	1174.61252
1216.0816	0.046717	1175.27752
1216.7816	0.047826	1175.94252
1217.4816	0.048426	1176.60752
1218.1816	0.048493	1177.27252
1218.8816	0.048022	1177.93752
1220.0543	0.046068	1179.051585
1220.7543	0.044262	1179.716585
1221.4543	0.042042	1180.381585
1222.1543	0.039472	1181.046585
1222.8543	0.036629	1181.711585
1223.5543	0.033592	1182.376585
1224.2543	0.030441	1183.041585
1224.9543	0.027256	1183.706585
1225.6543	0.024109	1184.371585
1226.3543	0.021066	1185.036585
1227.0543	0.018181	1185.701585
1227.7543	0.015497	1186.366585
1228.4543	0.013045	1187.031585
1229.1543	0.010843	1187.696585
1229.8543	0.008899	1188.361585
1230.5543	0.007211	1189.026585
1231.2543	0.00577	1189.691585
1231.9543	0.004558	1190.356585
1232.6543	0.003556	1191.021585
1233.3543	0.00274	1191.686585
1234.0543	0.002085	1192.351585
1234.7543	0.001568	1193.016585
1235.4543	0.001166	1193.681585
1236.5856	7.07E-4	1194.75632
1237.6875	4.27E-4	1195.803125
1238.3875	3.1E-4	1196.468125
1239.0875	2.27E-4	1197.133125
1239.7875	1.72E-4	1197.798125
1240.4875	1.39E-4	1198.463125
1241.1875	1.24E-4	1199.128125
1241.8875	1.28E-4	1199.793125
1243.1139	1.82E-4	1200.958205
1243.8139	2.49E-4	1201.623205
1244.5139	3.53E-4	1202.288205
1245.2139	5.05E-4	1202.953205
1245.9139	7.23E-4	1203.618205
1246.6139	0.001027	1204.283205
1247.3139	0.001445	1204.948205
1248.0139	0.00201	1205.613205
1248.7139	0.00276	1206.278205
1249.4139	0.003741	1206.943205
1250.1139	0.005004	1207.608205
1250.8139	0.006602	1208.273205
1251.5139	0.008593	1208.938205
1252.2139	0.011031	1209.603205
1252.9139	0.013968	1210.268205
1254.3075	0.021448	1211.592125
1255.0075	0.026061	1212.257125
1255.7075	0.031231	1212.922125
1256.4075	0.036914	1213.587125
1257.1075	0.043031	1214.252125
1257.8075	0.049473	1214.917125
1258.5075	0.056099	1215.582125
1259.6892	0.067216	1216.70474
1260.3892	0.073437	1217.36974
1261.5291	0.082346	1218.452645
1262.2291	0.086753	1219.117645
1262.9291	0.09014	1219.782645
1263.6291	0.092371	1220.447645
1264.5319	0.093403	1221.305305
1265.2319	0.092728	1221.970305
1265.9319	0.090794	1222.635305
1266.6319	0.087677	1223.300305
1267.3319	0.083502	1223.965305
1268.0319	0.078433	1224.630305
1268.7319	0.072659	1225.295305
1269.4319	0.066384	1225.960305
1270.1319	0.059816	1226.625305
1270.8319	0.053158	1227.290305
1271.5319	0.046591	1227.955305
1272.2319	0.040274	1228.620305
1272.9319	0.034335	1229.285305
1273.6319	0.028871	1229.950305
1274.3319	0.023944	1230.615305
1275.0319	0.019587	1231.280305
1275.7319	0.015806	1231.945305
1276.4319	0.012583	1232.610305
1277.1319	0.009886	1233.275305
1277.8319	0.007669	1233.940305
1278.5319	0.005878	1234.605305
1279.2319	0.004457	1235.270305
1279.9319	0.003351	1235.935305
1280.6319	0.002506	1236.600305
1281.3319	0.001876	1237.265305
1282.0319	0.001418	1237.930305
1282.7319	0.001094	1238.595305
1283.4319	8.76E-4	1239.260305
1284.1319	7.37E-4	1239.925305
1284.8319	6.57E-4	1240.590305
1285.5319	6.2E-4	1241.255305
1286.2319	6.13E-4	1241.920305
1286.9319	6.26E-4	1242.585305
1287.6319	6.51E-4	1243.250305
1288.3319	6.82E-4	1243.915305
1289.0319	7.14E-4	1244.580305
1289.7319	7.42E-4	1245.245305
1290.4319	7.65E-4	1245.910305
1291.1319	7.8E-4	1246.575305
1291.8385	7.86E-4	1247.246575
1291.9481	7.86E-4	1247.350695
1293.3359	7.66E-4	1248.669105
1294.0359	7.42E-4	1249.334105
1294.7359	7.1E-4	1249.999105
1295.4359	6.72E-4	1250.664105
1296.1359	6.29E-4	1251.329105
1296.8359	5.84E-4	1251.994105
1297.5359	5.4E-4	1252.659105
1298.2359	4.98E-4	1253.324105
1298.9359	4.62E-4	1253.989105
1299.6359	4.33E-4	1254.654105
1300.3359	4.14E-4	1255.319105
1301.0359	4.07E-4	1255.984105
1301.7359	4.14E-4	1256.649105
1302.4359	4.37E-4	1257.314105
1303.1359	4.77E-4	1257.979105
1303.8359	5.35E-4	1258.644105
1304.5359	6.12E-4	1259.309105
1305.2359	7.08E-4	1259.974105
1305.9359	8.23E-4	1260.639105
1306.6359	9.56E-4	1261.304105
1307.3359	0.001107	1261.969105
1308.0359	0.001273	1262.634105
1308.7359	0.001452	1263.299105
1309.4359	0.001644	1263.964105
1310.1359	0.001844	1264.629105
1310.8359	0.002051	1265.294105
1311.5359	0.002261	1265.959105
1312.2359	0.002474	1266.624105
1312.9359	0.002687	1267.289105
1314.2157	0.003074	1268.504915
1314.6727	0.00321	1268.939065
1315.3727	0.003417	1269.604065
1316.0727	0.003622	1270.269065
1316.7727	0.003823	1270.934065
1317.6646	0.004075	1271.78137
1318.0734	0.004189	1272.16973
1318.7734	0.004377	1272.83473
1319.4734	0.004558	1273.49973
1320.4912	0.004797	1274.46664
1321.5594	0.005004	1275.48143
1322.2594	0.005106	1276.14643
1322.9594	0.005175	1276.81143
1323.6594	0.005205	1277.47643
1324.3594	0.005191	1278.14143
1325.5427	0.005063	1279.265565
1325.9068	0.004995	1279.61146
1326.6068	0.00483	1280.27646
1327.3068	0.00462	1280.94146
1328.0068	0.00437	1281.60646
1328.7068	0.004087	1282.27146
1329.4068	0.003777	1282.93646
1330.1068	0.003449	1283.60146
1330.8068	0.003112	1284.26646
1331.5068	0.002775	1284.93146
1332.2068	0.002445	1285.59646
1332.9068	0.002131	1286.26146
1333.6068	0.001838	1286.92646
1334.3068	0.001571	1287.59146
1335.0068	0.001333	1288.25646
1335.7068	0.001126	1288.92146
1336.4068	9.51E-4	1289.58646
1337.1068	8.09E-4	1290.25146
1337.8068	6.97E-4	1290.91646
1338.5068	6.15E-4	1291.58146
1339.2068	5.62E-4	1292.24646
1339.9068	5.35E-4	1292.91146
1340.6068	5.34E-4	1293.57646
1341.3068	5.57E-4	1294.24146
1342.0068	6.04E-4	1294.90646
1342.7068	6.73E-4	1295.57146
1343.8484	8.33E-4	1296.65598
1344.8702	0.001024	1297.62669
1345.5702	0.00118	1298.29169
1346.2702	0.001354	1298.95669
1346.9702	0.001543	1299.62169
1347.6702	0.001745	1300.28669
1348.3702	0.001955	1300.95169
1349.0702	0.002168	1301.61669
1349.7702	0.002378	1302.28169
1350.4702	0.002577	1302.94669
1351.1702	0.002761	1303.61169
1351.8702	0.002921	1304.27669
1352.5702	0.003051	1304.94169
1353.2702	0.003147	1305.60669
1353.9702	0.003203	1306.27169
1354.6895	0.003218	1306.955025
1355.3895	0.003188	1307.620025
1356.0895	0.003117	1308.285025
1356.7895	0.003007	1308.950025
1357.4895	0.002861	1309.615025
1358.1895	0.002685	1310.280025
1358.8895	0.002486	1310.945025
1359.5895	0.002271	1311.610025
1360.2895	0.002046	1312.275025
1360.9895	0.001818	1312.940025
1361.6895	0.001593	1313.605025
1362.3895	0.001377	1314.270025
1363.0895	0.001174	1314.935025
1363.7895	9.87E-4	1315.600025
1364.4895	8.19E-4	1316.265025
1365.1895	6.7E-4	1316.930025
1365.8895	5.4E-4	1317.595025
1366.5895	4.3E-4	1318.260025
1367.2895	3.38E-4	1318.925025
1367.9895	2.62E-4	1319.590025
1368.7275	1.97E-4	1320.291125
1369.4275	1.49E-4	1320.956125
1370.1275	1.11E-4	1321.621125
1370.8275	8.3E-5	1322.286125
1371.5275	6.1E-5	1322.951125
1372.2275	4.6E-5	1323.616125
1372.9275	3.6E-5	1324.281125
1373.6275	3E-5	1324.946125
1374.3275	2.8E-5	1325.611125
1375.0275	3E-5	1326.276125
1375.7275	3.5E-5	1326.941125
1376.4275	4.5E-5	1327.606125
1377.1275	5.8E-5	1328.271125
1377.8275	7.7E-5	1328.936125
1378.5275	1.02E-4	1329.601125
1379.2275	1.34E-4	1330.266125
1379.9275	1.74E-4	1330.931125
1380.6275	2.23E-4	1331.596125
1381.3275	2.83E-4	1332.261125
1382.0275	3.55E-4	1332.926125
1382.9641	4.71E-4	1333.815895
1383.6641	5.73E-4	1334.480895
1384.3641	6.87E-4	1335.145895
1385.0641	8.14E-4	1335.810895
1385.7641	9.52E-4	1336.475895
1386.4641	0.0011	1337.140895
1387.1641	0.001253	1337.805895
1387.8641	0.00141	1338.470895
1388.5641	0.001566	1339.135895
1389.2641	0.001716	1339.800895
1389.9641	0.001858	1340.465895
1390.6641	0.001984	1341.130895
1391.7592	0.002145	1342.17124
1391.8598	0.002157	1342.26681
1392.5598	0.002225	1342.93181
1393.2598	0.002267	1343.59681
1394.6186	0.00227	1344.88767
1394.7768	0.002263	1345.03796
1395.4768	0.002219	1345.70296
1396.5316	0.002108	1346.70502
1397.2316	0.002012	1347.37002
1397.9607	0.001899	1348.062665
1398.9815	0.00173	1349.032425
1399.6815	0.001617	1349.697425
1400.3815	0.001512	1350.362425
1401.0815	0.001423	1351.027425
1401.7815	0.001354	1351.692425
1402.4815	0.001309	1352.357425
1403.1815	0.001294	1353.022425
1403.8815	0.00131	1353.687425
1404.5815	0.001358	1354.352425
1405.2815	0.00144	1355.017425
1405.9815	0.001554	1355.682425
1406.6815	0.001698	1356.347425
1407.3815	0.001869	1357.012425
1408.0815	0.00206	1357.677425
1408.7815	0.002268	1358.342425
1409.4815	0.002485	1359.007425
1410.6431	0.002849	1360.110945
1411.4553	0.003093	1360.882535
1412.406	0.003357	1361.7857
1413.106	0.00353	1362.4507
1414.1803	0.003764	1363.471285
1414.8803	0.003901	1364.136285
1415.5888	0.004034	1364.80936
1416.2888	0.004172	1365.47436
1416.9888	0.004332	1366.13936
1417.6888	0.004529	1366.80436
1418.3888	0.004784	1367.46936
1419.0888	0.005116	1368.13436
1420.3693	0.005989	1369.350835
1421.0693	0.006644	1370.015835
1421.7693	0.007441	1370.680835
1422.4693	0.008386	1371.345835
1423.1693	0.009478	1372.010835
1423.8693	0.010707	1372.675835
1424.5693	0.012055	1373.340835
1425.2693	0.013492	1374.005835
1425.9693	0.014984	1374.670835
1426.6693	0.016485	1375.335835
1427.3693	0.017947	1376.000835
1428.0693	0.019316	1376.665835
1428.7693	0.02054	1377.330835
1429.4693	0.02157	1377.995835
1430.1693	0.02236	1378.660835
1430.8693	0.022876	1379.325835
1431.7553	0.0231	1380.167535
1432.4553	0.022924	1380.832535
1433.1553	0.022443	1381.497535
1433.8553	0.021673	1382.162535
1434.5553	0.020645	1382.827535
1435.2553	0.019398	1383.492535
1435.9553	0.017976	1384.157535
1436.6553	0.016432	1384.822535
1437.5676	0.014317	1385.68922
1438.2676	0.012679	1386.35422
1438.9676	0.011075	1387.01922
1439.6676	0.009544	1387.68422
1440.3676	0.008113	1388.34922
1441.0676	0.006805	1389.01422
1441.7676	0.005634	1389.67922
1442.4676	0.004605	1390.34422
1443.1676	0.00372	1391.00922
1443.8676	0.002972	1391.67422
1444.5676	0.002353	1392.33922
1445.2676	0.001852	1393.00422
1445.9676	0.001454	1393.66922
1446.6676	0.001148	1394.33422
1447.3676	9.18E-4	1394.99922
1448.0676	7.53E-4	1395.66422
1448.7676	6.41E-4	1396.32922
1449.4676	5.72E-4	1396.99422
1450.1676	5.37E-4	1397.65922
1450.8676	5.29E-4	1398.32422
1451.5676	5.41E-4	1398.98922
1452.2676	5.71E-4	1399.65422
1452.9676	6.13E-4	1400.31922
1453.6676	6.67E-4	1400.98422
1454.3676	7.31E-4	1401.64922
1455.0676	8.07E-4	1402.31422
1456.0278	9.36E-4	1403.22641
1456.8099	0.001069	1403.969405
1457.5099	0.001218	1404.634405
1458.2099	0.001405	1405.299405
1458.9099	0.001643	1405.964405
1459.8955	0.002091	1406.900725
1460.1924	0.002258	1407.18278
1460.8924	0.002725	1407.84778
1461.5924	0.003311	1408.51278
1462.2924	0.004039	1409.17778
1462.9924	0.004935	1409.84278
1463.6924	0.006022	1410.50778
1464.3924	0.007325	1411.17278
1465.0924	0.008866	1411.83778
1465.7924	0.010661	1412.50278
1466.4924	0.012725	1413.16778
1467.1924	0.015061	1413.83278
1468.5177	0.020212	1415.091815
1469.2156	0.023272	1415.75482
1469.736	0.025684	1416.2492
1470.6842	0.030303	1417.14999
1471.3842	0.033831	1417.81499
1472.2128	0.038042	1418.60216
1473.1061	0.042503	1419.450795
1473.1924	0.042925	1419.53278
1473.8924	0.046259	1420.19778
1474.5924	0.049396	1420.86278
1475.2924	0.052289	1421.52778
1476.6537	0.0571	1422.821015
1477.6052	0.059791	1423.72494
1478.6067	0.062062	1424.676365
1479.5624	0.06377	1425.58428
1479.9087	0.064297	1425.913265
1480.9189	0.065607	1426.872955
1481.6189	0.066356	1427.537955
1482.3189	0.066996	1428.202955
1483.0189	0.067534	1428.867955
1483.7189	0.06796	1429.532955
1484.4189	0.068252	1430.197955
1485.1189	0.068376	1430.862955
1485.8189	0.068291	1431.527955
1486.5189	0.067956	1432.192955
1487.2242	0.067328	1432.86299
1488.2121	0.065911	1433.801495
1488.6192	0.065139	1434.18824
1489.3192	0.063561	1434.85324
1490.0192	0.061691	1435.51824
1490.7192	0.059573	1436.18324
1491.4192	0.057265	1436.84824
1492.1192	0.054836	1437.51324
1492.8192	0.052361	1438.17824
1493.5192	0.049913	1438.84324
1494.2192	0.047559	1439.50824
1494.9192	0.045353	1440.17324
1495.6192	0.043335	1440.83824
1496.3192	0.041531	1441.50324
1497.0192	0.039949	1442.16824
1497.7192	0.038584	1442.83324
1498.4192	0.037422	1443.49824
1499.1192	0.036444	1444.16324
1499.8192	0.035628	1444.82824
1500.723	0.034787	1445.68685
1501.423	0.034289	1446.35185
1502.123	0.033924	1447.01685
1502.823	0.033702	1447.68185
1503.523	0.033641	1448.34685
1504.5611	0.033892	1449.333045
1505.2611	0.034321	1449.998045
1505.9611	0.034979	1450.663045
1506.6611	0.035866	1451.328045
1507.3611	0.036973	1451.993045
1508.0611	0.038272	1452.658045
1509.2565	0.040797	1453.793675
1509.9565	0.042347	1454.458675
1510.6565	0.043851	1455.123675
1511.3565	0.045224	1455.788675
1512.0565	0.04638	1456.453675
1512.7565	0.047239	1457.118675
1513.9437	0.047835	1458.246515
1514.6437	0.047603	1458.911515
1515.3437	0.046912	1459.576515
1516.0437	0.045764	1460.241515
1516.7437	0.044183	1460.906515
1517.4437	0.04221	1461.571515
1518.1437	0.039901	1462.236515
1518.8437	0.037323	1462.901515
1519.6893	0.033953	1463.704835
1519.8985	0.03309	1463.903575
1521.0925	0.028072	1465.037875
1522.1845	0.023544	1466.075275
1522.6174	0.021813	1466.48653
1523.3174	0.019131	1467.15153
1524.0174	0.01662	1467.81653
1524.7174	0.014304	1468.48153
1525.4174	0.012198	1469.14653
1526.1174	0.010309	1469.81153
1526.8174	0.008634	1470.47653
1527.5174	0.007168	1471.14153
1528.2174	0.005899	1471.80653
1528.9174	0.004814	1472.47153
1529.6174	0.003897	1473.13653
1530.3174	0.003132	1473.80153
1531.0174	0.002502	1474.46653
1531.7174	0.001989	1475.13153
1532.4174	0.00158	1475.79653
1533.1174	0.001258	1476.46153
1533.8174	0.001011	1477.12653
1534.5174	8.26E-4	1477.79153
1535.2174	6.93E-4	1478.45653
1535.9174	6.02E-4	1479.12153
1536.6174	5.44E-4	1479.78653
1537.3174	5.13E-4	1480.45153
1538.0174	5.01E-4	1481.11653
1538.7174	5.04E-4	1481.78153
1539.4174	5.16E-4	1482.44653
1540.1174	5.33E-4	1483.11153
1540.8174	5.53E-4	1483.77653
1541.5174	5.71E-4	1484.44153
1542.2174	5.86E-4	1485.10653
1542.9174	5.96E-4	1485.77153
1543.7129	5.99E-4	1486.527255
1543.8184	5.98E-4	1486.62748
1544.5184	5.93E-4	1487.29248
1545.2184	5.79E-4	1487.95748
1545.9184	5.59E-4	1488.62248
1546.6184	5.32E-4	1489.28748
1547.3184	5E-4	1489.95248
1548.0184	4.63E-4	1490.61748
1548.7184	4.23E-4	1491.28248
1549.4184	3.82E-4	1491.94748
1550.1184	3.4E-4	1492.61248
1550.8184	3E-4	1493.27748
1551.5184	2.62E-4	1493.94248
1552.2184	2.27E-4	1494.60748
1552.9184	1.97E-4	1495.27248
1553.6184	1.73E-4	1495.93748
1554.3184	1.57E-4	1496.60248
1555.0184	1.48E-4	1497.26748
1555.7184	1.5E-4	1497.93248
1556.4184	1.64E-4	1498.59748
1557.1184	1.94E-4	1499.26248
1557.8184	2.42E-4	1499.92748
1558.5184	3.12E-4	1500.59248
1559.2184	4.11E-4	1501.25748
1559.9184	5.42E-4	1501.92248
1560.6184	7.14E-4	1502.58748
1561.3184	9.33E-4	1503.25248
1562.0184	0.001205	1503.91748
1562.7184	0.001538	1504.58248
1563.4184	0.001939	1505.24748
1564.1184	0.002411	1505.91248
1564.8184	0.002958	1506.57748
1565.5184	0.003579	1507.24248
1566.2184	0.004272	1507.90748
1566.9184	0.005029	1508.57248
1567.6184	0.005839	1509.23748
1568.3184	0.006685	1509.90248
1569.0184	0.00755	1510.56748
1569.7184	0.008408	1511.23248
1570.4184	0.009235	1511.89748
1571.1184	0.010004	1512.56248
1571.8184	0.010688	1513.22748
1572.5184	0.011261	1513.89248
1573.2184	0.011702	1514.55748
1573.9184	0.011993	1515.22248
1574.8069	0.012127	1516.066555
1575.5069	0.012044	1516.731555
1576.2069	0.011796	1517.396555
1576.9069	0.011394	1518.061555
1577.6069	0.010854	1518.726555
1578.3069	0.010198	1519.391555
1579.0069	0.009449	1520.056555
1579.7069	0.008635	1520.721555
1580.4069	0.007782	1521.386555
1581.1069	0.006917	1522.051555
1581.8069	0.006064	1522.716555
1582.5069	0.005242	1523.381555
1583.2069	0.00447	1524.046555
1583.9069	0.003759	1524.711555
1584.6069	0.003117	1525.376555
1585.3069	0.002549	1526.041555
1586.0069	0.002056	1526.706555
1586.7069	0.001636	1527.371555
1587.4069	0.001284	1528.036555
1588.1069	9.93E-4	1528.701555
1588.8069	7.58E-4	1529.366555
1589.5069	5.7E-4	1530.031555
1590.2069	4.23E-4	1530.696555
1590.9069	3.1E-4	1531.361555
1591.6069	2.24E-4	1532.026555
1592.3069	1.59E-4	1532.691555
1593.0069	1.12E-4	1533.356555
1593.7069	7.8E-5	1534.021555
1594.4069	5.3E-5	1534.686555
1595.1069	3.6E-5	1535.351555
1595.8069	2.4E-5	1536.016555
1596.5069	1.6E-5	1536.681555
1597.2069	1.1E-5	1537.346555
1597.9069	8E-6	1537.346555
1598.6069	6E-6	1537.346555
1599.3069	5E-6	1537.346555
1600.0069	5E-6	1537.346555
1600.7069	6E-6	1537.346555
1601.4069	7E-6	1537.346555
1602.1069	9E-6	1537.346555
1602.8069	1.1E-5	1537.346555
1603.5069	1.3E-5	1537.346555
1604.2069	1.6E-5	1537.346555
1604.9069	1.9E-5	1537.346555
1605.6069	2.3E-5	1537.346555
1606.3069	2.7E-5	1537.346555
1607.0069	3.1E-5	1537.346555
1607.7069	3.6E-5	1537.346555
1608.4069	4E-5	1537.346555
1609.1069	4.5E-5	1537.346555
1609.8069	4.9E-5	1537.346555
1610.5069	5.4E-5	1537.346555
1611.2069	5.7E-5	1537.34655
1611.9069	6E-5	1537.346555
1612.6069	6.3E-5	1537.346555
1613.3069	6.4E-5	1537.346555
1614.1963	6.5E-5	1537.346555
1614.8963	6.4E-5	1537.346555
1615.5963	6.3E-5	1537.346555
1616.2963	6.1E-5	1537.346555
1616.9963	5.8E-5	1537.346555
1617.6963	5.5E-5	1537.346555
1618.3963	5.1E-5	1537.346555
1619.0963	4.6E-5	1537.346555
1619.7963	4.2E-5	1537.346555
1620.4963	3.7E-5	1537.346555
1621.1963	3.2E-5	1540.136485
1621.8963	2.8E-5	1540.801485
1622.5963	2.4E-5	1541.466485
1623.2963	2E-5	1542.131485
1623.9963	1.7E-5	1542.796485
1624.6963	1.4E-5	1543.461485
1625.3963	1.1E-5	1544.126485
1626.0963	9E-6	1544.791485
1626.7963	7E-6	1545.456485
1627.4963	5E-6	1546.121485
1628.1963	4E-6	1546.786485
1628.8963	3E-6	1547.451485
1629.5963	2E-6	1548.116485
1630.2963	2E-6	1548.781485
1630.9963	1E-6	1549.446485
1631.6963	1E-6	1550.111485
1632.3963	1E-6	1550.776485
1633.0963	1E-6	1551.441485
1633.7963	2E-6	1552.106485
1634.4963	3E-6	1552.771485
1635.1963	5E-6	1553.436485
1635.8963	7E-6	1554.101485
1636.5963	1.2E-5	1554.766485
1637.2963	1.8E-5	1555.431485
1637.9963	2.8E-5	1556.096485
1638.6963	4.2E-5	1556.761485
1639.3963	6.3E-5	1557.426485
1640.0963	9.3E-5	1558.091485
1640.7963	1.36E-4	1558.756485
1641.4963	1.97E-4	1559.421485
1642.1963	2.8E-4	1560.086485
1642.8963	3.94E-4	1560.751485
1643.5963	5.47E-4	1561.416485
1644.2963	7.5E-4	1562.081485
1644.9963	0.001018	1562.746485
1645.6963	0.001365	1563.411485
1646.3963	0.001811	1564.076485
1647.0963	0.002379	1564.741485
1647.7963	0.003094	1565.406485
1648.4963	0.00399	1566.071485
1649.1963	0.005105	1566.736485
1649.8963	0.006486	1567.401485
1650.5963	0.008192	1568.066485
1651.2963	0.010296	1568.731485
1651.9963	0.012888	1569.396485
1652.6963	0.016082	1570.061485
1653.3963	0.020019	1570.726485
1654.0963	0.024868	1571.391485
1654.7963	0.030836	1572.056485
1655.4963	0.038162	1572.721485
1656.3792	0.049767	1573.56024
1657.6612	0.072508	1574.77814
1657.739	0.074149	1574.85205
1658.439	0.09044	1575.51705
1659.7459	0.128917	1576.758605
1660.2947	0.148477	1577.279965
1660.9947	0.176459	1577.944965
1661.6947	0.207793	1578.609965
1662.6413	0.255093	1579.509235
1662.973	0.272841	1579.82435
1663.673	0.311876	1580.48935
1664.373	0.3524	1581.15435
1665.073	0.393451	1581.81935
1665.773	0.43391	1582.48435
1666.473	0.472542	1583.14935
1667.173	0.508056	1583.81435
1667.873	0.539176	1584.47935
1668.573	0.564718	1585.14435
1669.273	0.583661	1585.80935
1669.973	0.595217	1586.47435
1670.6919	0.598867	1587.157305
1671.3919	0.594237	1587.822305
1672.0919	0.58169	1588.487305
1672.7919	0.561707	1589.152305
1673.4919	0.535061	1589.817305
1674.1919	0.502764	1590.482305
1675.5771	0.426928	1591.798245
1675.6905	0.420253	1591.905975
1676.3905	0.378285	1592.570975
1677.5429	0.308796	1593.665755
1677.7193	0.298373	1593.833335
1678.4193	0.258156	1594.498335
1679.1193	0.22034	1595.163335
1679.8193	0.185525	1595.828335
1680.5193	0.154108	1596.493335
1681.2193	0.126294	1597.158335
1681.9193	0.102116	1597.823335
1682.643	0.080828	1598.51085
1683.343	0.063601	1599.17585
1684.043	0.049387	1599.84085
1684.743	0.037849	1600.50585
1685.443	0.028631	1601.17085
1686.143	0.02138	1601.83585
1686.843	0.015764	1602.50085
1687.543	0.011479	1603.16585
1688.243	0.008258	1603.83085
1688.943	0.005873	1604.49585
1689.643	0.004132	1605.16085
1690.343	0.002881	1605.82585
1691.043	0.001996	1606.49085
1691.743	0.001381	1607.15585
1692.443	9.63E-4	1607.82085
1693.143	6.87E-4	1608.48585
1693.843	5.13E-4	1609.15085
1694.543	4.11E-4	1609.81585
1695.243	3.61E-4	1610.48085
1695.943	3.48E-4	1611.14585
1696.643	3.63E-4	1611.81085
1697.343	3.97E-4	1612.47585
1698.043	4.46E-4	1613.14085
1698.743	5.05E-4	1613.80585
1699.443	5.72E-4	1614.47085
1700.143	6.43E-4	1615.13585
1700.843	7.16E-4	1615.80085
1701.543	7.87E-4	1616.46585
1702.243	8.55E-4	1617.13085
1702.943	9.16E-4	1617.79585
1703.643	9.68E-4	1618.46085
1704.343	0.001009	1619.12585
1705.6647	0.001051	1620.381465
1706.1391	0.001054	1620.832145
1706.8391	0.001047	1621.497145
1707.5391	0.001024	1622.162145
1708.2391	9.89E-4	1622.827145
1708.9391	9.42E-4	1623.492145
1709.6391	8.84E-4	1624.157145
1710.3391	8.19E-4	1624.822145
1711.0391	7.48E-4	1625.487145
1711.7391	6.74E-4	1626.152145
1712.4391	5.99E-4	1626.817145
1713.1391	5.25E-4	1627.482145
1713.8391	4.53E-4	1628.147145
1714.5391	3.86E-4	1628.812145
1715.2391	3.25E-4	1629.477145
1715.9391	2.69E-4	1630.142145
1716.6391	2.2E-4	1630.807145
1717.3391	1.77E-4	1631.472145
1718.0391	1.41E-4	1632.137145
1718.7391	1.11E-4	1632.802145
1719.4391	8.6E-5	1633.467145
1720.1391	6.5E-5	1634.132145
1720.8391	4.9E-5	1634.797145
1721.5391	3.6E-5	1635.462145
1722.2391	2.7E-5	1636.127145
1722.9391	1.9E-5	1636.792145
1723.6391	1.4E-5	1637.457145
1724.3391	1E-5	1638.122145
1725.0391	7E-6	1638.787145
1725.7391	5E-6	1639.452145
1726.4391	3E-6	1640.117145
1727.1391	2E-6	1640.782145
1727.8391	1E-6	1641.447145
1728.5391	1E-6	1642.112145
1729.2391	1E-6	1642.777145
1729.9391	0	1643.442145
1730.6391	0	1644.107145
1731.3391	0	1644.772145
1732.0391	0	1645.437145
1732.7391	0	1646.102145
1733.4391	0	1646.767145
1734.1391	0	1647.432145
1734.8391	0	1648.097145
1735.5391	0	1648.762145
1736.2391	0	1649.427145
1736.9391	0	1650.092145
1737.6391	0	1650.757145
1738.3391	0	1651.422145
1739.0391	0	1652.087145
1739.7391	0	1652.752145
1740.4391	0	1653.417145
1741.1391	0	1654.082145
1748.8391	0	1661.397145
1758.0791	0	1670.175145
1769.1671	0	1680.708745
1782.4727	0	1693.349065
1798.43942	0	1708.517449
1817.599484	0	1726.7195098
1840.591561	0	1748.56198295
1868.182053	0	1774.77295035
1900.390322	0	1805.3708059
1926.156938	0	1829.8490911
1946.77023	0	1829.8490911
1963.260864	0	1829.8490911
1976.453371	0	1829.8490911
1987.007377	0	1829.8490911
1995.450582	2E-6	1845.6780529
1996.150582	4E-6	1846.3430529
1996.850582	8E-6	1847.0080529
1997.550582	1.3E-5	1847.6730529
1998.250582	2.3E-5	1848.3380529
1998.950582	3.9E-5	1849.0030529
1999.650582	6.7E-5	1849.6680529
2000.350582	1.11E-4	1850.3330529
2001.050582	1.82E-4	1850.9980529
2001.750582	2.95E-4	1851.6630529
2002.450582	4.7E-4	1852.3280529
2003.150582	7.41E-4	1852.9930529
2003.850582	0.00115	1853.6580529
2004.550582	0.001762	1854.3230529
2005.250582	0.002661	1854.9880529
2005.950582	0.003964	1855.6530529
2006.650582	0.005823	1856.3180529
2007.350582	0.008437	1856.9830529
2008.050582	0.012056	1857.6480529
2008.750582	0.01699	1858.3130529
2009.450582	0.023613	1858.9780529
2010.150582	0.032367	1859.6430529
2010.850582	0.043756	1860.3080529
2011.550582	0.058337	1860.9730529
2012.250582	0.076706	1861.6380529
2012.950582	0.099472	1862.3030529
2013.650582	0.127218	1862.9680529
2014.350582	0.160463	1863.6330529
2015.050582	0.199609	1864.2980529
2015.750582	0.244887	1864.9630529
2016.450582	0.2963	1865.6280529
2017.150582	0.353571	1866.2930529
2017.850582	0.416103	1866.9580529
2018.550582	0.482952	1867.6230529
2019.250582	0.552825	1868.2880529
2019.950582	0.624094	1868.9530529
2020.650582	0.694852	1869.6180529
2021.350582	0.762982	1870.2830529
2022.050582	0.826258	1870.9480529
2022.750582	0.882463	1871.6130529
2023.450582	0.929516	1872.2780529
2024.150582	0.965599	1872.9430529
2024.850582	0.989274	1873.6080529
2025.7234	1	1874.43723
2026.4234	0.993099	1875.10223
2027.1234	0.972669	1875.76723
2027.8234	0.939543	1876.43223
2028.5234	0.895053	1877.09723
2029.2234	0.84093	1877.76223
2030.2738	0.746134	1878.76011
2030.9738	0.677134	1879.42511
2031.6738	0.606055	1880.09011
2032.3738	0.53497	1880.75511
2033.0738	0.465722	1881.42011
2033.7738	0.399857	1882.08511
2034.4738	0.33858	1882.75011
2035.1738	0.282748	1883.41511
2035.8738	0.232872	1884.08011
2036.5738	0.189154	1884.74511
2037.2738	0.151529	1885.41011
2037.9738	0.119716	1886.07511
2038.6738	0.093281	1886.74011
2039.3738	0.071683	1887.40511
2040.0738	0.054327	1888.07011
2040.7738	0.040607	1888.73511
2041.4738	0.029934	1889.40011
2042.1738	0.021762	1890.06511
2042.8738	0.015604	1890.73011
2043.5738	0.011034	1891.39511
2044.2738	0.007695	1892.06011
2044.9738	0.005293	1892.72511
2045.6738	0.003591	1893.39011
2046.3738	0.002402	1894.05511
2047.0738	0.001585	1894.72011
2047.7738	0.001031	1895.38511
2048.4738	6.62E-4	1896.05011
2049.1738	4.19E-4	1896.71511
2049.8738	2.62E-4	1897.38011
2050.5738	1.61E-4	1898.04511
2051.2738	9.8E-5	1898.71011
2051.9738	5.9E-5	1899.37511
2052.6738	3.5E-5	1900.04011
2053.3738	2E-5	1900.70511
2054.0738	1.2E-5	1901.37011
2054.7738	7E-6	1902.03511
2055.4738	4E-6	1902.70011
2056.1738	2E-6	1903.36511
2056.8738	1E-6	1904.03011
2057.5738	1E-6	1904.69511
2058.2738	0	1905.36011
2058.9738	0	1906.02511
2059.6738	0	1906.69011
2060.3738	0	1907.35511
2061.0738	0	1908.02011
2061.7738	0	1908.68511
2062.4738	0	1909.35011
2063.1738	0	1910.01511
2063.8738	0	1910.68011
2064.5738	0	1911.34511
2065.2738	0	1912.01011
2072.9738	0	1919.32511
2081.55762	1E-6	1927.479739
2082.25762	1E-6	1928.144739
2082.95762	2E-6	1928.809739
2083.65762	4E-6	1929.474739
2084.35762	7E-6	1930.139739
2085.05762	1.2E-5	1930.804739
2085.75762	2E-5	1931.469739
2086.45762	3.4E-5	1932.134739
2087.15762	5.6E-5	1932.799739
2087.85762	9.1E-5	1933.464739
2088.55762	1.47E-4	1934.129739
2089.25762	2.34E-4	1934.794739
2089.95762	3.68E-4	1935.459739
2090.65762	5.7E-4	1936.124739
2091.35762	8.71E-4	1936.789739
2092.05762	0.001312	1937.454739
2092.75762	0.001949	1938.119739
2093.45762	0.002855	1938.784739
2094.15762	0.004126	1939.449739
2094.85762	0.005879	1940.114739
2095.55762	0.008263	1940.779739
2096.25762	0.011453	1941.444739
2096.95762	0.015656	1942.109739
2097.65762	0.021107	1942.774739
2098.35762	0.028064	1943.439739
2099.05762	0.0368	1944.104739
2099.75762	0.047592	1944.769739
2100.45762	0.060701	1945.434739
2101.15762	0.076356	1946.099739
2101.85762	0.094725	1946.764739
2102.55762	0.115895	1947.429739
2103.25762	0.139845	1948.094739
2103.95762	0.166421	1948.759739
2104.65762	0.195321	1949.424739
2105.35762	0.226083	1950.089739
2106.05762	0.258088	1950.754739
2106.75762	0.290567	1951.419739
2107.45762	0.32263	1952.084739
2108.15762	0.353298	1952.749739
2108.85762	0.381556	1953.414739
2109.55762	0.406401	1954.079739
2110.25762	0.426904	1954.744739
2110.95762	0.442268	1955.409739
2111.65762	0.451876	1956.074739
2112.3929	0.455345	1956.773255
2113.0929	0.4522	1957.438255
2113.7929	0.442894	1958.103255
2114.4929	0.427807	1958.768255
2115.1929	0.407545	1959.433255
2115.8929	0.382898	1960.098255
2116.5929	0.354789	1960.763255
2117.2929	0.324217	1961.428255
2117.9929	0.292201	1962.093255
2118.6929	0.259721	1962.758255
2119.3929	0.227673	1963.423255
2120.0929	0.196831	1964.088255
2120.7929	0.167825	1964.753255
2121.4929	0.141124	1965.418255
2122.1929	0.117037	1966.083255
2122.8929	0.095725	1966.748255
2123.5929	0.077215	1967.413255
2124.2929	0.061428	1968.078255
2124.9929	0.048195	1968.743255
2125.6929	0.037293	1969.408255
2126.3929	0.028459	1970.073255
2127.0929	0.021419	1970.738255
2127.7929	0.015898	1971.403255
2128.4929	0.011638	1972.068255
2129.1929	0.008402	1972.733255
2129.8929	0.005983	1973.398255
2130.5929	0.004201	1974.063255
2131.2929	0.00291	1974.728255
2131.9929	0.001987	1975.393255
2132.6929	0.001339	1976.058255
2133.3929	8.89E-4	1976.723255
2134.0929	5.83E-4	1977.388255
2134.7929	3.77E-4	1978.053255
2135.4929	2.4E-4	1978.718255
2136.1929	1.51E-4	1979.383255
2136.8929	9.3E-5	1980.048255
2137.5929	5.7E-5	1980.713255
2138.2929	3.4E-5	1981.378255
2138.9929	2E-5	1982.043255
2139.6929	1.2E-5	1982.708255
2140.3929	7E-6	1983.373255
2141.0929	4E-6	1984.038255
2141.7929	2E-6	1984.703255
2142.4929	1E-6	1985.368255
2143.1929	1E-6	1986.033255
2143.8929	0	1986.698255
2144.5929	0	1987.363255
2145.2929	0	1988.028255
2145.9929	0	1988.693255
2146.6929	0	1989.358255
2147.3929	0	1990.023255
2155.0929	0	1997.338255
2164.3329	0	2006.116255
2175.4209	0	2016.649855
2188.7265	0	2029.290175
2204.69322	0	2044.458559
2223.853284	0	2062.6606198
2246.845361	0	2084.50309295
2268.755629	0	2105.31784755
2286.283843	0	2121.96965085
2300.306414	0	2135.2910933
2311.524471	0	2145.94824745
2320.498917	0	2154.47397115
2321.198917	0	2155.13897115
2321.898917	0	2155.80397115
2322.598917	0	2156.46897115
2323.298917	0	2157.13397115
2323.998917	0	2157.79897115
2324.698917	0	2158.46397115
2325.398917	1E-6	2159.12897115
2326.098917	1E-6	2159.79397115
2326.798917	2E-6	2160.45897115
2327.498917	4E-6	2161.12397115
2328.198917	6E-6	2161.78897115
2328.898917	9E-6	2162.45397115
2329.598917	1.5E-5	2163.11897115
2330.298917	2.4E-5	2163.78397115
2330.998917	3.7E-5	2164.44897115
2331.698917	5.7E-5	2165.11397115
2332.398917	8.6E-5	2165.77897115
2333.098917	1.27E-4	2166.44397115
2333.798917	1.87E-4	2167.10897115
2334.498917	2.72E-4	2167.77397115
2335.198917	3.88E-4	2168.43897115
2335.898917	5.47E-4	2169.10397115
2336.598917	7.61E-4	2169.76897115
2337.298917	0.001044	2170.43397115
2337.998917	0.001412	2171.09897115
2338.698917	0.001883	2171.76397115
2339.398917	0.002478	2172.42897115
2340.098917	0.003214	2173.09397115
2340.798917	0.004113	2173.75897115
2341.498917	0.00519	2174.42397115
2342.198917	0.00646	2175.08897115
2342.898917	0.007929	2175.75397115
2343.598917	0.009599	2176.41897115
2344.298917	0.01146	2177.08397115
2344.998917	0.013493	2177.74897115
2345.698917	0.015668	2178.41397115
2346.398917	0.017944	2179.07897115
2347.098917	0.020267	2179.74397115
2347.798917	0.022576	2180.40897115
2348.498917	0.024802	2181.07397115
2349.198917	0.026872	2181.73897115
2349.898917	0.028714	2182.40397115
2350.598917	0.03026	2183.06897115
2351.298917	0.03145	2183.73397115
2351.998917	0.032237	2184.39897115
2352.8967	0.032606	2185.251865
2353.5967	0.032381	2185.916865
2354.2967	0.031715	2186.581865
2354.9967	0.030634	2187.246865
2355.6967	0.029184	2187.911865
2356.3967	0.027419	2188.576865
2357.0967	0.025406	2189.241865
2357.7967	0.023217	2189.906865
2358.4967	0.020924	2190.571865
2359.1967	0.018598	2191.236865
2359.8967	0.016303	2191.901865
2360.5967	0.014095	2192.566865
2361.2967	0.012018	2193.231865
2361.9967	0.010106	2193.896865
2362.6967	0.008381	2194.561865
2363.3967	0.006855	2195.226865
2364.0967	0.005529	2195.891865
2364.7967	0.004399	2196.556865
2365.4967	0.003451	2197.221865
2366.1967	0.00267	2197.886865
2366.8967	0.002038	2198.551865
2367.5967	0.001534	2199.216865
2368.2967	0.001138	2199.881865
2368.9967	8.33E-4	2200.546865
2369.6967	6.02E-4	2201.211865
2370.3967	4.28E-4	2201.876865
2371.0967	3.01E-4	2202.541865
2371.7967	2.08E-4	2203.206865
2372.4967	1.42E-4	2203.871865
2373.1967	9.6E-5	2204.536865
2373.8967	6.4E-5	2205.201865
2374.5967	4.2E-5	2205.866865
2375.2967	2.7E-5	2206.531865
2375.9967	1.7E-5	2207.196865
2376.6967	1.1E-5	2207.861865
2377.3967	7E-6	2208.526865
2378.0967	4E-6	2209.191865
2378.7967	2E-6	2209.856865
2379.4967	1E-6	2210.521865
2380.1967	1E-6	2211.186865
2380.8967	0	2211.851865
2381.5967	0	2212.516865
2382.2967	0	2213.181865
2382.9967	0	2213.846865
2383.6967	0	2214.511865
2384.3967	0	2215.176865
2385.0967	0	2215.841865
2385.7967	0	2216.506865
2386.4967	0	2217.171865
2387.1967	0	2217.836865
2387.8967	0	2218.501865
2395.5967	0	2225.816865
2404.8367	0	2234.594865
2415.9247	0	2245.128465
2429.2303	0	2257.768785
2445.19702	0	2272.937169
2464.357084	0	2291.1392298
2487.349161	0	2312.98170295
2514.939653	0	2339.19267035
2548.048244	0	2370.6458318
2587.778552	0	2408.3896244
2635.454923	0	2453.68217685
2692.666567	0	2508.03323865
2761.320541	0	2573.25451395
2817.154873	0	2626.29712935
2861.822338	0	2668.7312211
2897.55631	0	2702.6784945
2926.143488	0	2729.8363136
2949.013231	0	2751.56256945
2967.309025	0	2768.94357375
2981.94566	0	2782.848377
2993.654968	0	2793.9722196
3003.022414	0	2802.8712933
3003.722414	0	2803.5362933
3004.422414	0	2804.2012933
3005.122414	0	2804.8662933
3005.822414	0	2805.5312933
3006.522414	0	2806.1962933
3007.222414	0	2806.8612933
3007.922414	0	2807.5262933
3008.622414	0	2808.1912933
3009.322414	0	2808.8562933
3010.022414	1E-6	2809.5212933
3010.722414	1E-6	2810.1862933
3011.422414	2E-6	2810.8512933
3012.122414	4E-6	2811.5162933
3012.822414	6E-6	2812.1812933
3013.522414	1E-5	2812.8462933
3014.222414	1.5E-5	2813.5112933
3014.922414	2.4E-5	2814.1762933
3015.622414	3.6E-5	2814.8412933
3016.322414	5.5E-5	2815.5062933
3017.022414	8.3E-5	2816.1712933
3017.722414	1.22E-4	2816.8362933
3018.422414	1.78E-4	2817.5012933
3019.122414	2.56E-4	2818.1662933
3019.822414	3.62E-4	2818.8312933
3020.522414	5.07E-4	2819.4962933
3021.222414	6.98E-4	2820.1612933
3021.922414	9.49E-4	2820.8262933
3022.622414	0.001273	2821.4912933
3023.322414	0.001683	2822.1562933
3024.022414	0.002194	2822.8212933
3024.722414	0.002822	2823.4862933
3025.422414	0.00358	2824.1512933
3026.122414	0.004478	2824.8162933
3026.822414	0.005525	2825.4812933
3027.522414	0.006723	2826.1462933
3028.222414	0.008068	2826.8112933
3028.922414	0.009549	2827.4762933
3029.622414	0.011146	2828.1412933
3030.322414	0.012831	2828.8062933
3031.022414	0.014567	2829.4712933
3031.722414	0.016311	2830.1362933
3032.422414	0.018012	2830.8012933
3033.122414	0.019618	2831.4662933
3033.822414	0.021073	2832.1312933
3034.522414	0.022324	2832.7962933
3035.222414	0.023325	2833.4612933
3035.922414	0.024036	2834.1262933
3036.9922	0.024503	2835.14259
3037.1615	0.024505	2835.303425
3037.8615	0.024306	2835.968425
3038.5615	0.023778	2836.633425
3039.2615	0.022945	2837.298425
3039.9615	0.02184	2837.963425
3040.6615	0.020507	2838.628425
3041.3615	0.018995	2839.293425
3042.0615	0.017359	2839.958425
3042.7615	0.015654	2840.623425
3043.4615	0.01393	2841.288425
3044.1615	0.012236	2841.953425
3044.8615	0.010611	2842.618425
3045.5615	0.009088	2843.283425
3046.2615	0.00769	2843.948425
3046.9615	0.006432	2844.613425
3047.6615	0.005322	2845.278425
3048.3615	0.004359	2845.943425
3049.0615	0.003537	2846.608425
3050.4206	0.002308	2847.89957
3050.7122	0.0021	2848.17659
3051.4122	0.001669	2848.84159
3052.1122	0.001323	2849.50659
3052.8122	0.001048	2850.17159
3053.5122	8.32E-4	2850.83659
3054.2122	6.63E-4	2851.50159
3054.9122	5.32E-4	2852.16659
3055.6122	4.31E-4	2852.83159
3056.3122	3.53E-4	2853.49659
3057.0122	2.94E-4	2854.16159
3057.7122	2.51E-4	2854.82659
3058.4122	2.21E-4	2855.49159
3059.1122	2.02E-4	2856.15659
3059.8122	1.96E-4	2856.82159
3060.5122	2.01E-4	2857.48659
3061.2122	2.19E-4	2858.15159
3061.9122	2.53E-4	2858.81659
3062.6122	3.04E-4	2859.48159
3063.3122	3.77E-4	2860.14659
3064.0122	4.79E-4	2860.81159
3064.7122	6.16E-4	2861.47659
3065.4122	7.98E-4	2862.14159
3066.1122	0.001039	2862.80659
3066.8122	0.001352	2863.47159
3067.5122	0.001756	2864.13659
3068.2122	0.002274	2864.80159
3068.9122	0.002929	2865.46659
3069.6122	0.003751	2866.13159
3070.3122	0.004767	2866.79659
3071.0122	0.006009	2867.46159
3071.9387	0.008047	2868.341765
3073.0394	0.011121	2869.38743
3073.7394	0.013469	2870.05243
3074.4394	0.016126	2870.71743
3075.1394	0.019076	2871.38243
3075.8394	0.022289	2872.04743
3076.5394	0.025718	2872.71243
3077.2394	0.029297	2873.37743
3077.9394	0.032943	2874.04243
3078.6394	0.036559	2874.70743
3079.3394	0.040038	2875.37243
3080.0394	0.043267	2876.03743
3080.7394	0.046132	2876.70243
3081.4394	0.048527	2877.36743
3082.1394	0.05036	2878.03243
3083.1116	0.051839	2878.95602
3083.5082	0.05206	2879.33279
3084.357	0.051769	2880.13915
3085.057	0.050757	2880.80415
3085.757	0.049088	2881.46915
3086.457	0.046828	2882.13415
3087.157	0.044063	2882.79915
3087.857	0.040897	2883.46415
3088.557	0.037441	2884.12915
3089.257	0.033809	2884.79415
3089.957	0.030113	2885.45915
3090.657	0.026455	2886.12415
3091.357	0.022924	2886.78915
3092.057	0.019594	2887.45415
3092.757	0.016518	2888.11915
3093.457	0.013735	2888.78415
3094.157	0.011265	2889.44915
3094.857	0.009113	2890.11415
3095.557	0.007272	2890.77915
3096.257	0.005723	2891.44415
3096.957	0.004443	2892.10915
3097.657	0.003402	2892.77415
3098.357	0.00257	2893.43915
3099.057	0.001915	2894.10415
3099.757	0.001409	2894.76915
3100.457	0.001023	2895.43415
3101.157	7.34E-4	2896.09915
3101.857	5.21E-4	2896.76415
3102.557	3.67E-4	2897.42915
3103.257	2.59E-4	2898.09415
3103.957	1.84E-4	2898.75915
3104.657	1.34E-4	2899.42415
3105.357	1.03E-4	2900.08915
3106.057	8.6E-5	2900.75415
3106.757	7.9E-5	2901.41915
3107.457	7.9E-5	2902.08415
3108.157	8.6E-5	2902.74915
3108.857	9.6E-5	2903.41415
3109.557	1.1E-4	2904.07915
3110.257	1.26E-4	2904.74415
3110.957	1.45E-4	2905.40915
3111.657	1.65E-4	2906.07415
3112.357	1.85E-4	2906.73915
3113.6468	2.22E-4	2907.96446
3113.9019	2.29E-4	2908.206805
3115.1514	2.59E-4	2909.39383
3115.8514	2.73E-4	2910.05883
3116.5514	2.84E-4	2910.72383
3117.2514	2.91E-4	2911.38883
3118.1864	2.94E-4	2912.27708
3118.1875	2.94E-4	2912.278125
3118.8875	2.92E-4	2912.943125
3119.5875	2.86E-4	2913.608125
3120.2875	2.77E-4	2914.273125
3120.9875	2.64E-4	2914.938125
3121.6875	2.49E-4	2915.603125
3122.3875	2.32E-4	2916.268125
3123.0875	2.13E-4	2916.933125
3123.7875	1.94E-4	2917.598125
3124.4875	1.74E-4	2918.263125
3125.1875	1.55E-4	2918.928125
3125.8875	1.36E-4	2919.593125
3126.5875	1.19E-4	2920.258125
3127.2875	1.04E-4	2920.923125
3128.6222	8E-5	2922.19109
3129.173	7.3E-5	2922.71435
3129.4831	7E-5	2923.008945
3130.1831	6.4E-5	2923.673945
3130.8831	6.2E-5	2924.338945
3131.5831	6.3E-5	2925.003945
3132.2831	7E-5	2925.668945
3132.9831	8.2E-5	2926.333945
3133.6831	1.02E-4	2926.998945
3134.3831	1.33E-4	2927.663945
3135.0831	1.78E-4	2928.328945
3135.7831	2.43E-4	2928.993945
3136.4831	3.36E-4	2929.658945
3137.1831	4.65E-4	2930.323945
3137.8831	6.43E-4	2930.988945
3138.5831	8.86E-4	2931.653945
3139.2831	0.001211	2932.318945
3139.9831	0.001643	2932.983945
3140.6831	0.002208	2933.648945
3141.3831	0.002936	2934.313945
3142.7305	0.004918	2935.593975
3143.893	0.007401	2936.69835
3144.593	0.009307	2937.36335
3145.293	0.011552	2938.02835
3145.993	0.014149	2938.69335
3146.693	0.0171	2939.35835
3147.393	0.020389	2940.02335
3148.093	0.023984	2940.68835
3148.793	0.02783	2941.35335
3149.493	0.031855	2942.01835
3150.193	0.035963	2942.68335
3150.893	0.040048	2943.34835
3151.593	0.043985	2944.01335
3152.293	0.047648	2944.67835
3152.993	0.050908	2945.34335
3153.693	0.053645	2946.00835
3154.393	0.055751	2946.67335
3155.093	0.057145	2947.33835
3155.8767	0.057789	2948.082865
3156.0357	0.057798	2948.233915
3156.7357	0.057349	2948.898915
3157.4357	0.05612	2949.563915
3158.1357	0.054162	2950.228915
3158.8357	0.051553	2950.893915
3159.5357	0.048395	2951.558915
3160.2357	0.044805	2952.223915
3160.9357	0.040911	2952.888915
3161.6357	0.036841	2953.553915
3162.3357	0.03272	2954.218915
3163.0357	0.028661	2954.883915
3163.7357	0.024762	2955.548915
3164.4357	0.0211	2956.213915
3165.1357	0.017736	2956.878915
3165.8357	0.014708	2957.543915
3166.5357	0.012036	2958.208915
3167.2357	0.009723	2958.873915
3167.9357	0.007761	2959.538915
3168.6357	0.006129	2960.203915
3169.3357	0.004801	2960.868915
3170.0357	0.003745	2961.533915
3170.7357	0.00293	2962.198915
3171.4357	0.002323	2962.863915
3172.1357	0.001894	2963.528915
3172.8357	0.001618	2964.193915
3173.5357	0.001471	2964.858915
3174.2357	0.001432	2965.523915
3174.9357	0.001484	2966.188915
3175.6357	0.001614	2966.853915
3176.3357	0.001808	2967.518915
3177.0357	0.002056	2968.183915
3177.7357	0.002345	2968.848915
3178.4357	0.002666	2969.513915
3179.1357	0.003007	2970.178915
3179.8357	0.003356	2970.843915
3180.5357	0.003702	2971.508915
3181.2357	0.004032	2972.173915
3181.9357	0.004335	2972.838915
3182.6357	0.0046	2973.503915
3183.3357	0.004816	2974.168915
3184.0357	0.004976	2974.833915
3185.1701	0.005101	2975.911595
3185.2819	0.005104	2976.017805
3185.9819	0.005085	2976.682805
3186.6819	0.005003	2977.347805
3187.3819	0.004861	2978.012805
3188.0819	0.004667	2978.677805
3188.7819	0.00443	2979.342805
3189.4819	0.004161	2980.007805
3190.1819	0.003869	2980.672805
3190.8819	0.003567	2981.337805
3191.5819	0.003264	2982.002805
3192.2819	0.002969	2982.667805
3192.9819	0.002692	2983.332805
3193.6819	0.002438	2983.997805
3194.3819	0.002212	2984.662805
3195.0819	0.002017	2985.327805
3195.7819	0.001855	2985.992805
3196.5511	0.001714	2986.723545
3197.4912	0.001595	2987.61664
3198.1912	0.001541	2988.28164
3198.8912	0.001516	2988.94664
3199.5912	0.001516	2989.61164
3200.2912	0.001541	2990.27664
3200.9912	0.001589	2990.94164
3201.6912	0.001658	2991.60664
3202.3912	0.001748	2992.27164
3203.5982	0.00195	2993.41829
3203.6524	0.00196	2993.46978
3204.3524	0.002106	2994.13478
3205.0524	0.002272	2994.79978
3205.7524	0.002459	2995.46478
3206.6132	0.00272	2996.28254
3206.706	0.00275	2996.3707
3207.406	0.002992	2997.0357
3208.106	0.00326	2997.7007
3208.806	0.003554	2998.3657
3209.506	0.003879	2999.0307
3210.206	0.004236	2999.6957
3210.906	0.004629	3000.3607
3211.7214	0.005137	3001.13533
3212.5647	0.005728	3001.936465
3213.2442	0.006258	3002.58199
3213.9442	0.006861	3003.24699
3214.6442	0.007529	3003.91199
3215.3442	0.008268	3004.57699
3216.0442	0.009082	3005.24199
3217.3211	0.010771	3006.455045
3217.3414	0.0108	3006.47433
3218.0414	0.011838	3007.13933
3218.8665	0.013153	3007.923175
3219.058	0.01347	3008.1051
3219.758	0.01466	3008.7701
3220.458	0.01588	3009.4351
3221.158	0.017106	3010.1001
3221.858	0.018305	3010.7651
3222.558	0.019441	3011.4301
3223.258	0.020476	3012.0951
3223.958	0.021371	3012.7601
3225.0244	0.022383	3013.77318
3225.0481	0.0224	3013.795695
3225.7481	0.022777	3014.460695
3226.4481	0.022906	3015.125695
3227.2037	0.022751	3015.843515
3227.264	0.022725	3015.9008
3227.964	0.022283	3016.5658
3228.664	0.021585	3017.2308
3229.364	0.020652	3017.8958
3230.064	0.019513	3018.5608
3231.0174	0.017695	3019.46653
3231.0878	0.017552	3019.53341
3231.7878	0.016068	3020.19841
3232.8377	0.013735	3021.195815
3232.9003	0.013594	3021.255285
3233.6003	0.012031	3021.920285
3234.3003	0.010508	3022.585285
3235.0003	0.009057	3023.250285
3235.7003	0.007703	3023.915285
3236.4003	0.006466	3024.580285
3237.1003	0.005355	3025.245285
3237.8003	0.004377	3025.910285
3238.5003	0.003531	3026.575285
3239.2003	0.002811	3027.240285
3239.9003	0.002209	3027.905285
3240.6003	0.001714	3028.570285
3241.3003	0.001314	3029.235285
3242.0003	9.98E-4	3029.900285
3242.7003	7.51E-4	3030.565285
3243.4003	5.64E-4	3031.230285
3244.1003	4.26E-4	3031.895285
3244.8003	3.29E-4	3032.560285
3245.5003	2.65E-4	3033.225285
3246.2003	2.29E-4	3033.890285
3246.9003	2.17E-4	3034.555285
3247.6003	2.26E-4	3035.220285
3248.3003	2.53E-4	3035.885285
3249.0003	2.99E-4	3036.550285
3249.7003	3.62E-4	3037.215285
3250.4003	4.42E-4	3037.880285
3251.1003	5.39E-4	3038.545285
3251.8003	6.52E-4	3039.210285
3252.5003	7.81E-4	3039.875285
3253.2003	9.25E-4	3040.540285
3253.9003	0.001081	3041.205285
3254.6003	0.001247	3041.870285
3255.3003	0.001419	3042.535285
3256.0003	0.001594	3043.200285
3256.7003	0.001766	3043.865285
3257.9285	0.002046	3045.032075
3258.5353	0.002166	3045.608535
3259.0676	0.002258	3046.11422
3259.7676	0.002357	3046.77922
3260.6869	0.002442	3047.652555
3261.5647	0.002471	3048.486465
3261.9202	0.002468	3048.82419
3262.6202	0.002436	3049.48919
3263.3202	0.002373	3050.15419
3264.0202	0.002279	3050.81919
3264.7202	0.002161	3051.48419
3265.4202	0.002021	3052.14919
3266.1202	0.001866	3052.81419
3266.8202	0.0017	3053.47919
3267.5202	0.001531	3054.14419
3268.2202	0.001363	3054.80919
3268.9202	0.001201	3055.47419
3269.6202	0.00105	3056.13919
3270.3202	9.13E-4	3056.80419
3271.0202	7.94E-4	3057.46919
3271.7202	6.95E-4	3058.13419
3272.4202	6.17E-4	3058.79919
3273.1202	5.6E-4	3059.46419
3273.8202	5.27E-4	3060.12919
3274.5202	5.14E-4	3060.79419
3275.2202	5.23E-4	3061.45919
3275.9202	5.51E-4	3062.12419
3276.6202	5.97E-4	3062.78919
3277.3202	6.59E-4	3063.45419
3278.0202	7.34E-4	3064.11919
3278.7202	8.19E-4	3064.78419
3279.4202	9.1E-4	3065.44919
3280.1202	0.001005	3066.11419
3280.8202	0.001099	3066.77919
3281.5202	0.001189	3067.44419
3282.2202	0.001271	3068.10919
3282.9202	0.001341	3068.77419
3283.6202	0.001396	3069.43919
3284.7078	0.001449	3070.47241
3285.5348	0.001457	3071.25806
3286.2348	0.001443	3071.92306
3286.9348	0.001409	3072.58806
3287.6348	0.001357	3073.25306
3288.3348	0.001289	3073.91806
3289.0348	0.001208	3074.58306
3289.7348	0.001116	3075.24806
3290.4348	0.001017	3075.91306
3291.1348	9.14E-4	3076.57806
3291.8348	8.11E-4	3077.24306
3292.5348	7.09E-4	3077.90806
3293.2348	6.11E-4	3078.57306
3293.9348	5.2E-4	3079.23806
3294.6348	4.36E-4	3079.90306
3295.3348	3.61E-4	3080.56806
3296.0348	2.94E-4	3081.23306
3296.7348	2.37E-4	3081.89806
3297.4348	1.88E-4	3082.56306
3298.1348	1.47E-4	3083.22806
3298.8348	1.14E-4	3083.89306
3299.5348	8.7E-5	3084.55806
3300.2348	6.5E-5	3085.22306
3300.9348	4.8E-5	3085.88806
3301.6348	3.5E-5	3086.55306
3302.3348	2.5E-5	3087.21806
3303.0348	1.8E-5	3087.88306
3303.7348	1.3E-5	3088.54806
3304.4348	9E-6	3089.21306
3305.1348	6E-6	3089.87806
3305.8348	4E-6	3090.54306
3306.5348	3E-6	3091.20806
3307.2348	2E-6	3091.87306
3307.9348	1E-6	3092.53806
3308.6348	1E-6	3093.20306
3309.3348	0	3093.86806
3310.0348	0	3094.53306
3310.7348	0	3095.19806
3311.4348	0	3095.86306
3312.1348	0	3096.52806
3312.8348	0	3097.19306
3313.5348	0	3097.85806
3314.2348	0	3098.52306
3314.9348	0	3099.18806
3315.6348	0	3099.85306
3316.3348	0	3100.51806
3317.0348	0	3101.18306
3317.7348	0	3101.84806
3318.4348	0	3102.51306
3319.1348	0	3103.17806
3319.8348	0	3103.84306
3320.5348	0	3104.50806
3328.2348	0	3111.82306
3337.4748	0	3120.60106
3348.5628	0	3131.13466
3361.8684	0	3143.77498
3377.83512	0	3158.943364
3396.995184	0	3177.1454248
3419.987261	0	3198.98789795
3447.577753	0	3225.19886535
3480.686344	0	3256.6520268
3520.416652	0	3294.3958194
3568.093023	0	3339.68837185
